(3, 1, 0.1)-0: (0.054101711338630926, 0.5536)
(3, 1, 0.1)-1: (0.04776790107176742, 0.5472)
(3, 1, 0.1)-2: (0.05569167647756786, 0.6208)
(3, 1, 0.1)-3: (0.05311754880100168, 0.5952)
(3, 1, 0.1)-4: (0.06037209237082701, 0.6232)
(3, 1, 0.2)-0: (0.054814699033370856, 0.6992)
(3, 1, 0.2)-1: (0.05128510588993766, 0.5944)
(3, 1, 0.2)-2: (0.06078514654395471, 0.6232)
(3, 1, 0.2)-3: (0.05282079964002703, 0.6416)
(3, 1, 0.2)-4: (0.05275243432817915, 0.5856)
(3, 1, 0.3)-0: (0.045555218131010634, 0.62)
(3, 1, 0.3)-1: (0.05509008925894618, 0.6584)
(3, 1, 0.3)-2: (0.049695207291546334, 0.6888)
(3, 1, 0.3)-3: (0.057055681217228406, 0.58)
(3, 1, 0.3)-4: (0.05088325896444345, 0.6384)
(3, 1, 0.4)-0: (0.05138756097908853, 0.7168)
(3, 1, 0.4)-1: (0.051813413596715714, 0.6952)
(3, 1, 0.4)-2: (0.04790220285809267, 0.6272)
(3, 1, 0.4)-3: (0.053110752046130416, 0.7352)
(3, 1, 0.4)-4: (0.05610522903148892, 0.6424)
(3, 1, 0.5)-0: (0.05877035676169297, 0.696)
(3, 1, 0.5)-1: (0.050951370624756166, 0.6144)
(3, 1, 0.5)-2: (0.0577053672709392, 0.708)
(3, 1, 0.5)-3: (0.059037650809718775, 0.6824)
(3, 1, 0.5)-4: (0.06332532311582736, 0.6336)
(3, 2, 0.1)-0: (0.047797785434834116, 0.5392)
(3, 2, 0.1)-1: (0.18012621134183215, 0.8392)
(3, 2, 0.1)-2: (0.18008701056804147, 0.8392)
(3, 2, 0.1)-3: (0.18005491601468132, 0.8392)
(3, 2, 0.1)-4: (0.1800615362850201, 0.8392)
(3, 2, 0.2)-0: (0.053833458975481224, 0.628)
(3, 2, 0.2)-1: (0.04942321837085095, 0.6784)
(3, 2, 0.2)-2: (0.04750201312129694, 0.6072)
(3, 2, 0.2)-3: (0.04942538250304121, 0.572)
(3, 2, 0.2)-4: (0.04794247087328767, 0.6112)
(3, 2, 0.3)-0: (0.050542450492816575, 0.6696)
(3, 2, 0.3)-1: (0.0503420570695629, 0.6544)
(3, 2, 0.3)-2: (0.05184317874086858, 0.5688)
(3, 2, 0.3)-3: (0.04647014555979725, 0.6624)
(3, 2, 0.3)-4: (0.05377496195170418, 0.6264)
(3, 2, 0.4)-0: (0.04958438009265431, 0.6272)
(3, 2, 0.4)-1: (0.047813479118408136, 0.6272)
(3, 2, 0.4)-2: (0.04244458083915766, 0.6592)
(3, 2, 0.4)-3: (0.04861946367637139, 0.5856)
(3, 2, 0.4)-4: (0.05488079530699336, 0.5616)
(3, 2, 0.5)-0: (0.04669324837987877, 0.636)
(3, 2, 0.5)-1: (0.04991897102431526, 0.6192)
(3, 2, 0.5)-2: (0.04825904882212746, 0.6696)
(3, 2, 0.5)-3: (0.045321223305246704, 0.6584)
(3, 2, 0.5)-4: (0.050728338175252755, 0.5672)
(3, 3, 0.1)-0: (0.18877918407636013, 0.8392)
(3, 3, 0.1)-1: (0.1800442092096041, 0.8392)
(3, 3, 0.1)-2: (0.18080813339823604, 0.8392)
(3, 3, 0.1)-3: (0.19308218969467408, 0.8392)
(3, 3, 0.1)-4: (0.18021805964890747, 0.8392)
(3, 3, 0.2)-0: (0.0617500014488327, 0.5808)
(3, 3, 0.2)-1: (0.18003580173522735, 0.8392)
(3, 3, 0.2)-2: (0.051911921366234515, 0.5336)
(3, 3, 0.2)-3: (0.0490302050039075, 0.5896)
(3, 3, 0.2)-4: (0.1800590767694074, 0.8392)
(3, 3, 0.3)-0: (0.18004408186822285, 0.8392)
(3, 3, 0.3)-1: (0.05294785734522533, 0.5416)
(3, 3, 0.3)-2: (0.051371751831803134, 0.6152)
(3, 3, 0.3)-3: (0.18005530862233513, 0.8392)
(3, 3, 0.3)-4: (0.18010761757941016, 0.8392)
(3, 3, 0.4)-0: (0.051424610290002636, 0.4952)
(3, 3, 0.4)-1: (0.05217377119757156, 0.5864)
(3, 3, 0.4)-2: (0.055451664283068136, 0.4984)
(3, 3, 0.4)-3: (0.052252852386242145, 0.592)
(3, 3, 0.4)-4: (0.18006886969181873, 0.8392)
(3, 3, 0.5)-0: (0.0533763603885737, 0.592)
(3, 3, 0.5)-1: (0.04706611003602472, 0.6856)
(3, 3, 0.5)-2: (0.04337906381307405, 0.6248)
(3, 3, 0.5)-3: (0.04620333499739205, 0.6448)
(3, 3, 0.5)-4: (0.04595055829840616, 0.6592)
(4, 1, 0.1)-0: (0.06104826075132637, 0.6144)
(4, 1, 0.1)-1: (0.0521145484546322, 0.5504)
(4, 1, 0.1)-2: (0.057590492151072877, 0.4928)
(4, 1, 0.1)-3: (0.0628453593578516, 0.6488)
(4, 1, 0.1)-4: (0.05190599419970811, 0.5488)
(4, 1, 0.2)-0: (0.04768008522475716, 0.5656)
(4, 1, 0.2)-1: (0.04894881374531107, 0.6392)
(4, 1, 0.2)-2: (0.05049248489791528, 0.6464)
(4, 1, 0.2)-3: (0.049364384660228675, 0.5504)
(4, 1, 0.2)-4: (0.057149931597218345, 0.5904)
(4, 1, 0.3)-0: (0.048656992316659396, 0.528)
(4, 1, 0.3)-1: (0.046728590279722, 0.6584)
(4, 1, 0.3)-2: (0.04956218937084219, 0.656)
(4, 1, 0.3)-3: (0.05686193323803295, 0.576)
(4, 1, 0.3)-4: (0.05503755656780647, 0.7088)
(4, 1, 0.4)-0: (0.04582509694171955, 0.7088)
(4, 1, 0.4)-1: (0.05620083332274348, 0.6128)
(4, 1, 0.4)-2: (0.0474823180934107, 0.5848)
(4, 1, 0.4)-3: (0.04795109389707917, 0.6624)
(4, 1, 0.4)-4: (0.051061584724475015, 0.6256)
(4, 1, 0.5)-0: (0.047251790847122714, 0.624)
(4, 1, 0.5)-1: (0.048250069373038246, 0.644)
(4, 1, 0.5)-2: (0.04952402877263429, 0.6224)
(4, 1, 0.5)-3: (0.05570667793020514, 0.7328)
(4, 1, 0.5)-4: (0.05376153275235376, 0.6672)
(4, 2, 0.1)-0: (0.1800583166138679, 0.8392)
(4, 2, 0.1)-1: (0.0528929554063166, 0.5528)
(4, 2, 0.1)-2: (0.05382474819977989, 0.5264)
(4, 2, 0.1)-3: (0.058440600350404055, 0.636)
(4, 2, 0.1)-4: (0.1800647263924665, 0.8392)
(4, 2, 0.2)-0: (0.04603738637669563, 0.576)
(4, 2, 0.2)-1: (0.055252235831658926, 0.5512)
(4, 2, 0.2)-2: (0.04860526858910396, 0.612)
(4, 2, 0.2)-3: (0.1801180050428135, 0.8392)
(4, 2, 0.2)-4: (0.052806825403796095, 0.5152)
(4, 2, 0.3)-0: (0.049437035356685186, 0.6328)
(4, 2, 0.3)-1: (0.053555995181712425, 0.4952)
(4, 2, 0.3)-2: (0.057927254767539946, 0.6352)
(4, 2, 0.3)-3: (0.050042299831235405, 0.5976)
(4, 2, 0.3)-4: (0.053341237348689695, 0.5552)
(4, 2, 0.4)-0: (0.04587139570688277, 0.5976)
(4, 2, 0.4)-1: (0.04433622180253516, 0.6408)
(4, 2, 0.4)-2: (0.043026358583647596, 0.6104)
(4, 2, 0.4)-3: (0.044520298355426, 0.6384)
(4, 2, 0.4)-4: (0.046722733550290996, 0.672)
(4, 2, 0.5)-0: (0.05035638239485998, 0.6536)
(4, 2, 0.5)-1: (0.053413755298867716, 0.636)
(4, 2, 0.5)-2: (0.04515793217465824, 0.6824)
(4, 2, 0.5)-3: (0.045671364558182125, 0.5104)
(4, 2, 0.5)-4: (0.05022703504698634, 0.6216)
(4, 3, 0.1)-0: (0.18039637444444823, 0.8392)
(4, 3, 0.1)-1: (0.18004405022954453, 0.8392)
(4, 3, 0.1)-2: (0.1821436565670674, 0.8392)
(4, 3, 0.1)-3: (0.18003778514661672, 0.8392)
(4, 3, 0.1)-4: (0.19133205867310535, 0.8392)
(4, 3, 0.2)-0: (0.06068300231885324, 0.6216)
(4, 3, 0.2)-1: (0.0645747716531735, 0.712)
(4, 3, 0.2)-2: (0.04739111457348122, 0.5728)
(4, 3, 0.2)-3: (0.05871687206035627, 0.632)
(4, 3, 0.2)-4: (0.04752458013100963, 0.5976)
(4, 3, 0.3)-0: (0.05078394913845259, 0.6176)
(4, 3, 0.3)-1: (0.18006893041478916, 0.8392)
(4, 3, 0.3)-2: (0.18003623008940953, 0.8392)
(4, 3, 0.3)-3: (0.04943973102094971, 0.5824)
(4, 3, 0.3)-4: (0.046339477551439086, 0.592)
(4, 3, 0.4)-0: (0.1804225942216196, 0.8392)
(4, 3, 0.4)-1: (0.060487775673906494, 0.6512)
(4, 3, 0.4)-2: (0.045363477127625985, 0.6544)
(4, 3, 0.4)-3: (0.18007036158065312, 0.8392)
(4, 3, 0.4)-4: (0.049805799205888374, 0.5672)
(4, 3, 0.5)-0: (0.049392377258510915, 0.5976)
(4, 3, 0.5)-1: (0.055515431819573136, 0.6744)
(4, 3, 0.5)-2: (0.1800701493212722, 0.8392)
(4, 3, 0.5)-3: (0.05055205558746722, 0.576)
(4, 3, 0.5)-4: (0.04780611820697839, 0.6864)
(5, 1, 0.1)-0: (0.051104371774150475, 0.5784)
(5, 1, 0.1)-1: (0.18003730336186635, 0.8392)
(5, 1, 0.1)-2: (0.059217365563124985, 0.5768)
(5, 1, 0.1)-3: (0.05067196469636725, 0.5504)
(5, 1, 0.1)-4: (0.05682170085728795, 0.5392)
(5, 1, 0.2)-0: (0.049057972540576665, 0.5952)
(5, 1, 0.2)-1: (0.05000374463805259, 0.5672)
(5, 1, 0.2)-2: (0.05517023354643404, 0.5376)
(5, 1, 0.2)-3: (0.04700310971235196, 0.6512)
(5, 1, 0.2)-4: (0.05459721869751303, 0.5776)
(5, 1, 0.3)-0: (0.04555286218098263, 0.6592)
(5, 1, 0.3)-1: (0.05051378208462341, 0.56)
(5, 1, 0.3)-2: (0.051537225318263165, 0.6128)
(5, 1, 0.3)-3: (0.04853685037122946, 0.6104)
(5, 1, 0.3)-4: (0.05361682911085122, 0.5408)
(5, 1, 0.4)-0: (0.04913465317668458, 0.5944)
(5, 1, 0.4)-1: (0.04630623756847541, 0.6712)
(5, 1, 0.4)-2: (0.05380746197196849, 0.6072)
(5, 1, 0.4)-3: (0.05032892994516413, 0.6272)
(5, 1, 0.4)-4: (0.04603920365954164, 0.6416)
(5, 1, 0.5)-0: (0.04620718351682065, 0.572)
(5, 1, 0.5)-1: (0.05809644829552999, 0.6616)
(5, 1, 0.5)-2: (0.053202799118177165, 0.6048)
(5, 1, 0.5)-3: (0.05046200513620083, 0.5176)
(5, 1, 0.5)-4: (0.04733356635790932, 0.692)
(5, 2, 0.1)-0: (0.18027881367862658, 0.8392)
(5, 2, 0.1)-1: (0.05072518212782858, 0.5704)
(5, 2, 0.1)-2: (0.18003710396031328, 0.8392)
(5, 2, 0.1)-3: (0.06247941544362182, 0.6024)
(5, 2, 0.1)-4: (0.1800539967675592, 0.8392)
(5, 2, 0.2)-0: (0.05226940205945406, 0.548)
(5, 2, 0.2)-1: (0.05304122792891583, 0.6528)
(5, 2, 0.2)-2: (0.05074760469176559, 0.524)
(5, 2, 0.2)-3: (0.05367392563164551, 0.676)
(5, 2, 0.2)-4: (0.1803744543310901, 0.8392)
(5, 2, 0.3)-0: (0.05052291093766181, 0.536)
(5, 2, 0.3)-1: (0.05071833724932806, 0.6552)
(5, 2, 0.3)-2: (0.049790579893924256, 0.552)
(5, 2, 0.3)-3: (0.05601820481397607, 0.6752)
(5, 2, 0.3)-4: (0.08877881819311528, 0.6896)
(5, 2, 0.4)-0: (0.049666318345393416, 0.6896)
(5, 2, 0.4)-1: (0.18019250600688302, 0.8392)
(5, 2, 0.4)-2: (0.04420002091093911, 0.6)
(5, 2, 0.4)-3: (0.048645646083043156, 0.6568)
(5, 2, 0.4)-4: (0.04817013500642461, 0.6208)
(5, 2, 0.5)-0: (0.053904572042630834, 0.6408)
(5, 2, 0.5)-1: (0.05034357407662035, 0.552)
(5, 2, 0.5)-2: (0.04417435807846817, 0.5952)
(5, 2, 0.5)-3: (0.05079928857649903, 0.6432)
(5, 2, 0.5)-4: (0.049026806673042995, 0.616)
(5, 3, 0.1)-0: (0.18003768861765948, 0.8392)
(5, 3, 0.1)-1: (0.1801006102355258, 0.8392)
(5, 3, 0.1)-2: (0.18007418727356342, 0.8392)
(5, 3, 0.1)-3: (0.1823240112048116, 0.8392)
(5, 3, 0.1)-4: (0.18043134243286413, 0.8392)
(5, 3, 0.2)-0: (0.18005717364735438, 0.8392)
(5, 3, 0.2)-1: (0.18004254286428453, 0.8392)
(5, 3, 0.2)-2: (0.1800646563374871, 0.8392)
(5, 3, 0.2)-3: (0.04980141485312741, 0.5768)
(5, 3, 0.2)-4: (0.056546140661417436, 0.4976)
(5, 3, 0.3)-0: (0.18006863871369275, 0.8392)
(5, 3, 0.3)-1: (0.05917347225729934, 0.608)
(5, 3, 0.3)-2: (0.18018724281778792, 0.8392)
(5, 3, 0.3)-3: (0.1803536615618891, 0.8392)
(5, 3, 0.3)-4: (0.18021365710838816, 0.8392)
(5, 3, 0.4)-0: (0.04711644534802378, 0.5992)
(5, 3, 0.4)-1: (0.050219205187767776, 0.512)
(5, 3, 0.4)-2: (0.06371467570194603, 0.58)
(5, 3, 0.4)-3: (0.053610731037130585, 0.6224)
(5, 3, 0.4)-4: (0.18009003220423775, 0.8392)
(5, 3, 0.5)-0: (0.18004139182817414, 0.8392)
(5, 3, 0.5)-1: (0.04856691654538545, 0.6704)
(5, 3, 0.5)-2: (0.04653464757863253, 0.6768)
(5, 3, 0.5)-3: (0.045349064444515565, 0.572)
(5, 3, 0.5)-4: (0.18058407610409752, 0.8392)
