(3, 1, 0.1)-0: (0.06718277417374065, 0.5824)
(3, 1, 0.1)-1: (0.06310891951450324, 0.5232)
(3, 1, 0.1)-2: (0.06391124095168506, 0.5704)
(3, 1, 0.1)-3: (0.06499575638849317, 0.5768)
(3, 1, 0.1)-4: (0.06355269407384317, 0.5864)
(3, 1, 0.2)-0: (0.058102251156467, 0.572)
(3, 1, 0.2)-1: (0.05414473008395618, 0.5624)
(3, 1, 0.2)-2: (0.052433177596844634, 0.5456)
(3, 1, 0.2)-3: (0.05665796596668117, 0.5944)
(3, 1, 0.2)-4: (0.057882248092860855, 0.5688)
(3, 1, 0.3)-0: (0.053845993165735365, 0.588)
(3, 1, 0.3)-1: (0.05326783895602302, 0.5856)
(3, 1, 0.3)-2: (0.05716298646218659, 0.588)
(3, 1, 0.3)-3: (0.057142354096728014, 0.6056)
(3, 1, 0.3)-4: (0.052008072021512156, 0.6456)
(3, 1, 0.4)-0: (0.0692514646436647, 0.6704)
(3, 1, 0.4)-1: (0.052953758964722215, 0.6328)
(3, 1, 0.4)-2: (0.055067605504360344, 0.6552)
(3, 1, 0.4)-3: (0.053407628217441244, 0.5904)
(3, 1, 0.4)-4: (0.061608912632945, 0.596)
(3, 1, 0.5)-0: (0.04972193576675272, 0.636)
(3, 1, 0.5)-1: (0.05609355975667139, 0.5896)
(3, 1, 0.5)-2: (0.05624616110656328, 0.6416)
(3, 1, 0.5)-3: (0.05931621043458799, 0.6848)
(3, 1, 0.5)-4: (0.052701062845819, 0.6008)
(3, 1, 0.6)-0: (0.05345260043659629, 0.6128)
(3, 1, 0.6)-1: (0.050643196632320316, 0.6024)
(3, 1, 0.6)-2: (0.05495880962719018, 0.6152)
(3, 1, 0.6)-3: (0.05433880105239665, 0.6024)
(3, 1, 0.6)-4: (0.057341905871191874, 0.6448)
(3, 1, 0.7)-0: (0.050444250573209136, 0.6384)
(3, 1, 0.7)-1: (0.05194796888807633, 0.6216)
(3, 1, 0.7)-2: (0.06329809668944923, 0.576)
(3, 1, 0.7)-3: (0.05750627926147048, 0.6448)
(3, 1, 0.7)-4: (0.05055821590309546, 0.6736)
(3, 1, 0.8)-0: (0.05333604853504798, 0.712)
(3, 1, 0.8)-1: (0.0569743972693924, 0.6712)
(3, 1, 0.8)-2: (0.05654328806261424, 0.6952)
(3, 1, 0.8)-3: (0.056222646880564255, 0.7032)
(3, 1, 0.8)-4: (0.05784898046698271, 0.6608)
(3, 2, 0.1)-0: (0.08386018560159877, 0.6816)
(3, 2, 0.1)-1: (0.18006030625142636, 0.8392)
(3, 2, 0.1)-2: (0.18011962423908998, 0.8392)
(3, 2, 0.1)-3: (0.06412566132406412, 0.5016)
(3, 2, 0.1)-4: (0.06949490252985831, 0.6848)
(3, 2, 0.2)-0: (0.0526605552944938, 0.5328)
(3, 2, 0.2)-1: (0.06336617609798663, 0.6256)
(3, 2, 0.2)-2: (0.05471956147124081, 0.5232)
(3, 2, 0.2)-3: (0.05537027230562994, 0.5488)
(3, 2, 0.2)-4: (0.05078071644502254, 0.6208)
(3, 2, 0.3)-0: (0.051119150470190104, 0.5888)
(3, 2, 0.3)-1: (0.05557836916412712, 0.5424)
(3, 2, 0.3)-2: (0.05669788278065889, 0.5224)
(3, 2, 0.3)-3: (0.05484514620970109, 0.5576)
(3, 2, 0.3)-4: (0.05128124196256026, 0.6376)
(3, 2, 0.4)-0: (0.05315196778860613, 0.5896)
(3, 2, 0.4)-1: (0.05270602588416139, 0.6144)
(3, 2, 0.4)-2: (0.052290694723380306, 0.5728)
(3, 2, 0.4)-3: (0.05265238166972123, 0.6552)
(3, 2, 0.4)-4: (0.052879280189847735, 0.604)
(3, 2, 0.5)-0: (0.05523549832475642, 0.6592)
(3, 2, 0.5)-1: (0.04764158707277704, 0.628)
(3, 2, 0.5)-2: (0.05316670759552454, 0.64)
(3, 2, 0.5)-3: (0.048760277717422994, 0.6016)
(3, 2, 0.5)-4: (0.05836477317560823, 0.664)
(3, 2, 0.6)-0: (0.05724044448997887, 0.672)
(3, 2, 0.6)-1: (0.05522512691765499, 0.5744)
(3, 2, 0.6)-2: (0.059029991924625616, 0.592)
(3, 2, 0.6)-3: (0.04991617357648822, 0.5784)
(3, 2, 0.6)-4: (0.05447069915006364, 0.616)
(3, 2, 0.7)-0: (0.047809081291729685, 0.6336)
(3, 2, 0.7)-1: (0.049077561576369236, 0.616)
(3, 2, 0.7)-2: (0.052061395787913, 0.6368)
(3, 2, 0.7)-3: (0.05481132973668166, 0.624)
(3, 2, 0.7)-4: (0.05364754750092727, 0.664)
(3, 2, 0.8)-0: (0.06493846557345227, 0.6232)
(3, 2, 0.8)-1: (0.056031202243254426, 0.6408)
(3, 2, 0.8)-2: (0.049896692603956086, 0.6472)
(3, 2, 0.8)-3: (0.061390898689894516, 0.668)
(3, 2, 0.8)-4: (0.07106025827883762, 0.6752)
(3, 3, 0.1)-0: (0.2056664824438402, 0.8392)
(3, 3, 0.1)-1: (0.5853771843352404, 0.1512)
(3, 3, 0.1)-2: (0.12288142954751317, 0.8392)
(3, 3, 0.1)-3: (0.10370826808552097, 0.8392)
(3, 3, 0.1)-4: (0.18467296962252144, 0.8392)
(3, 3, 0.2)-0: (0.05595604298125685, 0.46)
(3, 3, 0.2)-1: (0.21631952726386708, 0.8392)
(3, 3, 0.2)-2: (0.06883366557389305, 0.668)
(3, 3, 0.2)-3: (0.1807382020142116, 0.8392)
(3, 3, 0.2)-4: (0.1072162541046198, 0.8392)
(3, 3, 0.3)-0: (0.08697858655528859, 0.6552)
(3, 3, 0.3)-1: (0.1803680499184483, 0.8392)
(3, 3, 0.3)-2: (0.06441251491947014, 0.4896)
(3, 3, 0.3)-3: (0.05053357318296984, 0.6832)
(3, 3, 0.3)-4: (0.21560917273726488, 0.8392)
(3, 3, 0.4)-0: (0.05522308704972113, 0.5768)
(3, 3, 0.4)-1: (0.18120529726556026, 0.8392)
(3, 3, 0.4)-2: (0.09828148942166895, 0.684)
(3, 3, 0.4)-3: (0.0920498688049524, 0.6656)
(3, 3, 0.4)-4: (0.05351042830370024, 0.496)
(3, 3, 0.5)-0: (0.1802959031371423, 0.8392)
(3, 3, 0.5)-1: (0.0522294926154916, 0.524)
(3, 3, 0.5)-2: (0.05590858080138404, 0.5664)
(3, 3, 0.5)-3: (0.06855408375096869, 0.4432)
(3, 3, 0.5)-4: (0.06802773781555778, 0.496)
(3, 3, 0.6)-0: (0.18004966505400985, 0.8392)
(3, 3, 0.6)-1: (0.19052021698784963, 0.8392)
(3, 3, 0.6)-2: (0.05845463517149799, 0.5728)
(3, 3, 0.6)-3: (0.1240549365320439, 0.8392)
(3, 3, 0.6)-4: (0.06337540350181477, 0.5536)
(3, 3, 0.7)-0: (0.046945931220036166, 0.4672)
(3, 3, 0.7)-1: (0.07479786446585227, 0.48)
(3, 3, 0.7)-2: (0.05641573236339907, 0.6856)
(3, 3, 0.7)-3: (0.04857542401964289, 0.656)
(3, 3, 0.7)-4: (0.050776111511881564, 0.6056)
(3, 3, 0.8)-0: (0.05086069358558098, 0.6504)
(3, 3, 0.8)-1: (0.05782866584088938, 0.6792)
(3, 3, 0.8)-2: (0.053243508712109484, 0.6816)
(3, 3, 0.8)-3: (0.05503445012252306, 0.5696)
(3, 3, 0.8)-4: (0.050886912251623694, 0.6664)
(4, 1, 0.1)-0: (0.061692134370004294, 0.5792)
(4, 1, 0.1)-1: (0.06604042823949936, 0.4624)
(4, 1, 0.1)-2: (0.06672318989503902, 0.556)
(4, 1, 0.1)-3: (0.18005105594325826, 0.8392)
(4, 1, 0.1)-4: (0.0687993616919045, 0.5072)
(4, 1, 0.2)-0: (0.05937536925648197, 0.5768)
(4, 1, 0.2)-1: (0.06034574630040157, 0.5728)
(4, 1, 0.2)-2: (0.05519581676237213, 0.5816)
(4, 1, 0.2)-3: (0.058951148202211756, 0.4768)
(4, 1, 0.2)-4: (0.05165829274428006, 0.5248)
(4, 1, 0.3)-0: (0.0502927407089231, 0.6288)
(4, 1, 0.3)-1: (0.054535948859518395, 0.6104)
(4, 1, 0.3)-2: (0.051616958273183425, 0.556)
(4, 1, 0.3)-3: (0.046235420671672606, 0.5328)
(4, 1, 0.3)-4: (0.053492755880394455, 0.5568)
(4, 1, 0.4)-0: (0.05313670225271006, 0.6288)
(4, 1, 0.4)-1: (0.05202677495523374, 0.4848)
(4, 1, 0.4)-2: (0.051461987485320125, 0.6328)
(4, 1, 0.4)-3: (0.05344442278219431, 0.6488)
(4, 1, 0.4)-4: (0.052123845336543226, 0.5648)
(4, 1, 0.5)-0: (0.0469311289666326, 0.6544)
(4, 1, 0.5)-1: (0.0521507953075165, 0.6464)
(4, 1, 0.5)-2: (0.04634151319460631, 0.568)
(4, 1, 0.5)-3: (0.05074622188200804, 0.612)
(4, 1, 0.5)-4: (0.05019355844478946, 0.576)
(4, 1, 0.6)-0: (0.051223372443358825, 0.5856)
(4, 1, 0.6)-1: (0.05172178645072166, 0.636)
(4, 1, 0.6)-2: (0.04729866914753736, 0.6216)
(4, 1, 0.6)-3: (0.048768042686998456, 0.6144)
(4, 1, 0.6)-4: (0.049683244460002496, 0.5512)
(4, 1, 0.7)-0: (0.05031631010254824, 0.5752)
(4, 1, 0.7)-1: (0.05577497252101965, 0.6088)
(4, 1, 0.7)-2: (0.0559693546109845, 0.6656)
(4, 1, 0.7)-3: (0.0537793367099247, 0.6352)
(4, 1, 0.7)-4: (0.05416272296128001, 0.6576)
(4, 1, 0.8)-0: (0.058303181516295606, 0.6776)
(4, 1, 0.8)-1: (0.048673724037635376, 0.5776)
(4, 1, 0.8)-2: (0.05316359795091294, 0.6504)
(4, 1, 0.8)-3: (0.047445036043611936, 0.6632)
(4, 1, 0.8)-4: (0.05780741115003504, 0.5744)
(4, 2, 0.1)-0: (0.09335106711992261, 0.6536)
(4, 2, 0.1)-1: (0.08201481430884902, 0.3936)
(4, 2, 0.1)-2: (0.18230139334400608, 0.8392)
(4, 2, 0.1)-3: (0.18314772657986733, 0.8392)
(4, 2, 0.1)-4: (0.06955628375294048, 0.3136)
(4, 2, 0.2)-0: (0.16751155630801695, 0.8392)
(4, 2, 0.2)-1: (0.0593202745344068, 0.5488)
(4, 2, 0.2)-2: (0.18004070842650444, 0.8392)
(4, 2, 0.2)-3: (0.05479351130162809, 0.5096)
(4, 2, 0.2)-4: (0.053263565779942394, 0.5632)
(4, 2, 0.3)-0: (0.05341799869953254, 0.5792)
(4, 2, 0.3)-1: (0.056106269032992484, 0.4984)
(4, 2, 0.3)-2: (0.05277707902550737, 0.576)
(4, 2, 0.3)-3: (0.053489479039489085, 0.5792)
(4, 2, 0.3)-4: (0.05539208136057372, 0.5272)
(4, 2, 0.4)-0: (0.05671046988909632, 0.5256)
(4, 2, 0.4)-1: (0.04848345854686258, 0.612)
(4, 2, 0.4)-2: (0.04811406556677009, 0.588)
(4, 2, 0.4)-3: (0.04953515913783285, 0.5904)
(4, 2, 0.4)-4: (0.05749594619786817, 0.5144)
(4, 2, 0.5)-0: (0.04641745001459142, 0.684)
(4, 2, 0.5)-1: (0.04787921733736174, 0.5672)
(4, 2, 0.5)-2: (0.046749837025897405, 0.5976)
(4, 2, 0.5)-3: (0.052020016164804554, 0.528)
(4, 2, 0.5)-4: (0.05010462547793947, 0.6168)
(4, 2, 0.6)-0: (0.047742978262952845, 0.632)
(4, 2, 0.6)-1: (0.05281382805637205, 0.628)
(4, 2, 0.6)-2: (0.047162407677959914, 0.5456)
(4, 2, 0.6)-3: (0.04518425205187799, 0.6576)
(4, 2, 0.6)-4: (0.046186374143766876, 0.6264)
(4, 2, 0.7)-0: (0.04892844349807454, 0.6376)
(4, 2, 0.7)-1: (0.05284591252045757, 0.5248)
(4, 2, 0.7)-2: (0.05617725094691264, 0.5968)
(4, 2, 0.7)-3: (0.047462586793709356, 0.6288)
(4, 2, 0.7)-4: (0.06570083624711122, 0.668)
(4, 2, 0.8)-0: (0.051009102812486995, 0.616)
(4, 2, 0.8)-1: (0.056329181369588414, 0.7192)
(4, 2, 0.8)-2: (0.05633859838662943, 0.5824)
(4, 2, 0.8)-3: (0.052451655837095754, 0.704)
(4, 2, 0.8)-4: (0.059885314047368694, 0.5776)
(4, 3, 0.1)-0: (0.2522400356395369, 0.0096)
(4, 3, 0.1)-1: (0.18014499063865913, 0.8392)
(4, 3, 0.1)-2: (0.2724637507730461, 0.0096)
(4, 3, 0.1)-3: (0.20226627648826281, 0.8392)
(4, 3, 0.1)-4: (0.18026177122375675, 0.8392)
(4, 3, 0.2)-0: (0.18391487700635997, 0.8392)
(4, 3, 0.2)-1: (0.06952876008681869, 0.5648)
(4, 3, 0.2)-2: (0.3235146320654238, 0.1512)
(4, 3, 0.2)-3: (0.18003477707434112, 0.8392)
(4, 3, 0.2)-4: (0.18003813810870514, 0.8392)
(4, 3, 0.3)-0: (0.1864276231353636, 0.8392)
(4, 3, 0.3)-1: (0.18032162764149762, 0.8392)
(4, 3, 0.3)-2: (0.18005314785762858, 0.8392)
(4, 3, 0.3)-3: (0.18027273892579246, 0.8392)
(4, 3, 0.3)-4: (0.24009068541383743, 0.8392)
(4, 3, 0.4)-0: (0.09717414667809132, 0.624)
(4, 3, 0.4)-1: (0.06232833152339099, 0.5384)
(4, 3, 0.4)-2: (0.18005047920010453, 0.8392)
(4, 3, 0.4)-3: (0.08546068859574993, 0.636)
(4, 3, 0.4)-4: (0.18396304098124278, 0.8392)
(4, 3, 0.5)-0: (0.06353667383744382, 0.5944)
(4, 3, 0.5)-1: (0.048462001772747135, 0.5952)
(4, 3, 0.5)-2: (0.046291466468744276, 0.6552)
(4, 3, 0.5)-3: (0.18005411406845453, 0.8392)
(4, 3, 0.5)-4: (0.06411700630463321, 0.6232)
(4, 3, 0.6)-0: (0.053584756654323634, 0.5784)
(4, 3, 0.6)-1: (0.04885722426816609, 0.668)
(4, 3, 0.6)-2: (0.05617558398047583, 0.4992)
(4, 3, 0.6)-3: (0.052899719461262984, 0.608)
(4, 3, 0.6)-4: (0.04998363571247331, 0.6768)
(4, 3, 0.7)-0: (0.04698471130733962, 0.6608)
(4, 3, 0.7)-1: (0.18027324132642505, 0.8392)
(4, 3, 0.7)-2: (0.05819641638489189, 0.5664)
(4, 3, 0.7)-3: (0.04917394626432669, 0.6264)
(4, 3, 0.7)-4: (0.05695090488382133, 0.64)
(4, 3, 0.8)-0: (0.05174347145632839, 0.6208)
(4, 3, 0.8)-1: (0.04968807297627519, 0.4808)
(4, 3, 0.8)-2: (0.04546690501858125, 0.6208)
(4, 3, 0.8)-3: (0.04592979244502843, 0.5896)
(4, 3, 0.8)-4: (0.051568589802991095, 0.6184)
(5, 1, 0.1)-0: (0.18004829182400792, 0.8392)
(5, 1, 0.1)-1: (0.16182583182365362, 0.8392)
(5, 1, 0.1)-2: (0.08352392990128576, 0.4472)
(5, 1, 0.1)-3: (0.06477350411834977, 0.58)
(5, 1, 0.1)-4: (0.07306430183528698, 0.496)
(5, 1, 0.2)-0: (0.0583379625878817, 0.5008)
(5, 1, 0.2)-1: (0.05985289361561893, 0.6704)
(5, 1, 0.2)-2: (0.05903366815136278, 0.44)
(5, 1, 0.2)-3: (0.05634121608035605, 0.5848)
(5, 1, 0.2)-4: (0.05149922078990202, 0.4944)
(5, 1, 0.3)-0: (0.05580095636625285, 0.5976)
(5, 1, 0.3)-1: (0.060140911341112484, 0.5584)
(5, 1, 0.3)-2: (0.051338487848799845, 0.5904)
(5, 1, 0.3)-3: (0.05060009551539949, 0.62)
(5, 1, 0.3)-4: (0.051669127031306314, 0.5848)
(5, 1, 0.4)-0: (0.054854088352793755, 0.5224)
(5, 1, 0.4)-1: (0.05016117468566577, 0.5472)
(5, 1, 0.4)-2: (0.05160351270184136, 0.5304)
(5, 1, 0.4)-3: (0.05077550853651442, 0.6032)
(5, 1, 0.4)-4: (0.053433759524094376, 0.564)
(5, 1, 0.5)-0: (0.04641027247157045, 0.6256)
(5, 1, 0.5)-1: (0.047758154587296195, 0.5672)
(5, 1, 0.5)-2: (0.046296461584556164, 0.6072)
(5, 1, 0.5)-3: (0.04583896795001064, 0.5912)
(5, 1, 0.5)-4: (0.04650331191586887, 0.5552)
(5, 1, 0.6)-0: (0.04488629033899314, 0.592)
(5, 1, 0.6)-1: (0.0469437733337169, 0.6096)
(5, 1, 0.6)-2: (0.05344076715998805, 0.6112)
(5, 1, 0.6)-3: (0.05595790955307509, 0.6624)
(5, 1, 0.6)-4: (0.046301871448966546, 0.636)
(5, 1, 0.7)-0: (0.05034877057171005, 0.5576)
(5, 1, 0.7)-1: (0.06449145856260516, 0.6248)
(5, 1, 0.7)-2: (0.049425084831342746, 0.692)
(5, 1, 0.7)-3: (0.05461124074208374, 0.664)
(5, 1, 0.7)-4: (0.04964476959170032, 0.54)
(5, 1, 0.8)-0: (0.054479932540986764, 0.6496)
(5, 1, 0.8)-1: (0.05245348537212163, 0.6744)
(5, 1, 0.8)-2: (0.045089701213075095, 0.5208)
(5, 1, 0.8)-3: (0.0452814789450437, 0.6128)
(5, 1, 0.8)-4: (0.05694584888356493, 0.6392)
(5, 2, 0.1)-0: (0.18172922410355724, 0.8392)
(5, 2, 0.1)-1: (0.0928414459403348, 0.6296)
(5, 2, 0.1)-2: (0.18014087247260394, 0.8392)
(5, 2, 0.1)-3: (0.13440265704087934, 0.668)
(5, 2, 0.1)-4: (0.18023732706275786, 0.8392)
(5, 2, 0.2)-0: (0.059014581960559136, 0.4544)
(5, 2, 0.2)-1: (0.060893266232106405, 0.508)
(5, 2, 0.2)-2: (0.07046788706592289, 0.3776)
(5, 2, 0.2)-3: (0.06124381269035634, 0.556)
(5, 2, 0.2)-4: (0.06549620221422099, 0.4824)
(5, 2, 0.3)-0: (0.0571325655998794, 0.6216)
(5, 2, 0.3)-1: (0.05435226782694326, 0.536)
(5, 2, 0.3)-2: (0.05950869649822623, 0.5872)
(5, 2, 0.3)-3: (0.047707462713359336, 0.6152)
(5, 2, 0.3)-4: (0.060674655298176325, 0.5576)
(5, 2, 0.4)-0: (0.059659902524214034, 0.5616)
(5, 2, 0.4)-1: (0.047458523159587686, 0.6144)
(5, 2, 0.4)-2: (0.04900534168272499, 0.6352)
(5, 2, 0.4)-3: (0.050845495197744825, 0.5488)
(5, 2, 0.4)-4: (0.04945786640417659, 0.5424)
(5, 2, 0.5)-0: (0.0474474356092343, 0.5248)
(5, 2, 0.5)-1: (0.04971336271772648, 0.6352)
(5, 2, 0.5)-2: (0.04600613583486506, 0.6256)
(5, 2, 0.5)-3: (0.05129373693781456, 0.584)
(5, 2, 0.5)-4: (0.053289021870347925, 0.6352)
(5, 2, 0.6)-0: (0.04940014537599863, 0.5952)
(5, 2, 0.6)-1: (0.04498730162016228, 0.5816)
(5, 2, 0.6)-2: (0.05219555815069363, 0.636)
(5, 2, 0.6)-3: (0.048657566684458024, 0.6296)
(5, 2, 0.6)-4: (0.04764085211444885, 0.576)
(5, 2, 0.7)-0: (0.05134147855034902, 0.64)
(5, 2, 0.7)-1: (0.04927804992075454, 0.5984)
(5, 2, 0.7)-2: (0.04723752913108837, 0.5504)
(5, 2, 0.7)-3: (0.05129816986539468, 0.6256)
(5, 2, 0.7)-4: (0.05099824377938727, 0.596)
(5, 2, 0.8)-0: (0.04749578556305223, 0.6576)
(5, 2, 0.8)-1: (0.05592393183965936, 0.6768)
(5, 2, 0.8)-2: (0.04512794071193774, 0.6456)
(5, 2, 0.8)-3: (0.04758292636901714, 0.6096)
(5, 2, 0.8)-4: (0.05199728216129477, 0.6152)
(5, 3, 0.1)-0: (0.1800582542188945, 0.8392)
(5, 3, 0.1)-1: (0.22293452771927277, 0.8392)
(5, 3, 0.1)-2: (0.4753239473764121, 0.1512)
(5, 3, 0.1)-3: (0.18730355332958717, 0.8392)
(5, 3, 0.1)-4: (0.2244807615055393, 0.8392)
(5, 3, 0.2)-0: (0.23382972495060075, 0.8392)
(5, 3, 0.2)-1: (0.21612539406720122, 0.8392)
(5, 3, 0.2)-2: (0.18381800607605245, 0.8392)
(5, 3, 0.2)-3: (0.07673163796294066, 0.68)
(5, 3, 0.2)-4: (0.08773763429242035, 0.6144)
(5, 3, 0.3)-0: (0.10523737332386454, 0.8392)
(5, 3, 0.3)-1: (0.1831416635009076, 0.8392)
(5, 3, 0.3)-2: (0.23268378534655026, 0.8392)
(5, 3, 0.3)-3: (0.09128028251673952, 0.7696)
(5, 3, 0.3)-4: (0.1811792668317366, 0.8392)
(5, 3, 0.4)-0: (0.07106256625957981, 0.6096)
(5, 3, 0.4)-1: (0.05089165889745996, 0.6296)
(5, 3, 0.4)-2: (0.1800333524063877, 0.8392)
(5, 3, 0.4)-3: (0.05664140066263359, 0.5288)
(5, 3, 0.4)-4: (0.18043851254944654, 0.8392)
(5, 3, 0.5)-0: (0.08621461857893581, 0.7528)
(5, 3, 0.5)-1: (0.18041965233724594, 0.8392)
(5, 3, 0.5)-2: (0.18004342346173052, 0.8392)
(5, 3, 0.5)-3: (0.19957320554063956, 0.8392)
(5, 3, 0.5)-4: (0.058756340063631056, 0.616)
(5, 3, 0.6)-0: (0.07514089749626104, 0.756)
(5, 3, 0.6)-1: (0.1801103405511646, 0.8392)
(5, 3, 0.6)-2: (0.058860033599229644, 0.5712)
(5, 3, 0.6)-3: (0.051798663347927903, 0.5664)
(5, 3, 0.6)-4: (0.10260075064359687, 0.6864)
(5, 3, 0.7)-0: (0.05134160688046957, 0.6056)
(5, 3, 0.7)-1: (0.049841345254572365, 0.6112)
(5, 3, 0.7)-2: (0.048678280513333096, 0.5512)
(5, 3, 0.7)-3: (0.04555975152593116, 0.6216)
(5, 3, 0.7)-4: (0.06102096824695639, 0.5288)
(5, 3, 0.8)-0: (0.18278754314642057, 0.8392)
(5, 3, 0.8)-1: (0.056994826162561796, 0.616)
(5, 3, 0.8)-2: (0.06776268343121145, 0.68)
(5, 3, 0.8)-3: (0.05362703049625211, 0.6944)
(5, 3, 0.8)-4: (0.04800167027420366, 0.5808)
