(3, 1, 0.1)-0: (0.05368952518209145, 0.572)
(3, 1, 0.1)-1: (0.07036843467411849, 0.5728)
(3, 1, 0.1)-2: (0.09650802039753766, 0.8392)
(3, 1, 0.1)-3: (0.05842349858967979, 0.508)
(3, 1, 0.1)-4: (0.07940729547362808, 0.7384)
(3, 1, 0.2)-0: (0.05257130300389219, 0.584)
(3, 1, 0.2)-1: (0.05578825704198357, 0.5872)
(3, 1, 0.2)-2: (0.05822168539809881, 0.6192)
(3, 1, 0.2)-3: (0.05686025492754931, 0.5864)
(3, 1, 0.2)-4: (0.05550007239916474, 0.56)
(3, 1, 0.3)-0: (0.053025843751034744, 0.672)
(3, 1, 0.3)-1: (0.04901800891464265, 0.64)
(3, 1, 0.3)-2: (0.0515849518406657, 0.6296)
(3, 1, 0.3)-3: (0.05708623145556089, 0.6512)
(3, 1, 0.3)-4: (0.05545121898528933, 0.6016)
(3, 1, 0.4)-0: (0.04782956040912082, 0.5632)
(3, 1, 0.4)-1: (0.0557523817454823, 0.5968)
(3, 1, 0.4)-2: (0.05144588469441674, 0.6208)
(3, 1, 0.4)-3: (0.05201995427612526, 0.5968)
(3, 1, 0.4)-4: (0.050746295592750734, 0.5416)
(3, 1, 0.5)-0: (0.051030934676485624, 0.6176)
(3, 1, 0.5)-1: (0.054235937149857895, 0.6584)
(3, 1, 0.5)-2: (0.05189507923413929, 0.6072)
(3, 1, 0.5)-3: (0.0536258923621128, 0.652)
(3, 1, 0.5)-4: (0.06287253029378681, 0.6648)
(3, 2, 0.1)-0: (0.1025257316774836, 0.6328)
(3, 2, 0.1)-1: (0.060757127278436886, 0.416)
(3, 2, 0.1)-2: (0.18005760486049874, 0.8392)
(3, 2, 0.1)-3: (0.18020559687570575, 0.8392)
(3, 2, 0.1)-4: (0.07865206776491356, 0.6856)
(3, 2, 0.2)-0: (0.05715288391500332, 0.6376)
(3, 2, 0.2)-1: (0.059894177528371235, 0.5048)
(3, 2, 0.2)-2: (0.08089483362713461, 0.768)
(3, 2, 0.2)-3: (0.06264905717091991, 0.6232)
(3, 2, 0.2)-4: (0.05516845437854001, 0.4632)
(3, 2, 0.3)-0: (0.05628481502133329, 0.6104)
(3, 2, 0.3)-1: (0.05750003376612187, 0.5744)
(3, 2, 0.3)-2: (0.05496188308840684, 0.5072)
(3, 2, 0.3)-3: (0.05620733204831895, 0.6376)
(3, 2, 0.3)-4: (0.062376521952332384, 0.6904)
(3, 2, 0.4)-0: (0.05098030909477386, 0.5912)
(3, 2, 0.4)-1: (0.05380582013564427, 0.6184)
(3, 2, 0.4)-2: (0.05041856559655645, 0.5408)
(3, 2, 0.4)-3: (0.048506975698768766, 0.5104)
(3, 2, 0.4)-4: (0.05039778243235551, 0.608)
(3, 2, 0.5)-0: (0.052604677757875105, 0.6464)
(3, 2, 0.5)-1: (0.049387611391154995, 0.6232)
(3, 2, 0.5)-2: (0.05464010087014148, 0.6392)
(3, 2, 0.5)-3: (0.050719224700082506, 0.6512)
(3, 2, 0.5)-4: (0.04856675034740368, 0.6144)
(3, 3, 0.1)-0: (0.18003542844427378, 0.8392)
(3, 3, 0.1)-1: (0.5083719124465628, 0.1512)
(3, 3, 0.1)-2: (0.607389478141497, 0.0096)
(3, 3, 0.1)-3: (0.21281090091939414, 0.8392)
(3, 3, 0.1)-4: (0.1803942653102967, 0.8392)
(3, 3, 0.2)-0: (0.056390859926725184, 0.6192)
(3, 3, 0.2)-1: (0.20458388072187664, 0.8392)
(3, 3, 0.2)-2: (0.3018599925262959, 0.1512)
(3, 3, 0.2)-3: (0.08641438806382276, 0.6184)
(3, 3, 0.2)-4: (0.1800844871856937, 0.8392)
(3, 3, 0.3)-0: (0.2034417277739979, 0.8392)
(3, 3, 0.3)-1: (0.1801350523404034, 0.8392)
(3, 3, 0.3)-2: (0.19171973239115925, 0.8392)
(3, 3, 0.3)-3: (0.19237581736409712, 0.8392)
(3, 3, 0.3)-4: (0.18016800835087643, 0.8392)
(3, 3, 0.4)-0: (0.05487702755910725, 0.4888)
(3, 3, 0.4)-1: (0.07101187052198815, 0.7248)
(3, 3, 0.4)-2: (0.06588989580950225, 0.7304)
(3, 3, 0.4)-3: (0.06543111292939029, 0.5384)
(3, 3, 0.4)-4: (0.21072629742983928, 0.8392)
(3, 3, 0.5)-0: (0.048311209705736095, 0.664)
(3, 3, 0.5)-1: (0.052913845885504726, 0.588)
(3, 3, 0.5)-2: (0.19969932142896224, 0.8392)
(3, 3, 0.5)-3: (0.18022816161737382, 0.8392)
(3, 3, 0.5)-4: (0.05641221629707076, 0.5744)
(4, 1, 0.1)-0: (0.0726792243613102, 0.5616)
(4, 1, 0.1)-1: (0.07203486043013137, 0.48)
(4, 1, 0.1)-2: (0.0656634681762423, 0.532)
(4, 1, 0.1)-3: (0.07200322556694386, 0.4824)
(4, 1, 0.1)-4: (0.07073671699912915, 0.5576)
(4, 1, 0.2)-0: (0.06030445769945577, 0.4856)
(4, 1, 0.2)-1: (0.05532982799792121, 0.5896)
(4, 1, 0.2)-2: (0.05020425799082225, 0.624)
(4, 1, 0.2)-3: (0.056036763776616066, 0.5712)
(4, 1, 0.2)-4: (0.05912854691714486, 0.6096)
(4, 1, 0.3)-0: (0.053432509869446844, 0.612)
(4, 1, 0.3)-1: (0.05368916671227989, 0.6064)
(4, 1, 0.3)-2: (0.05597189382904064, 0.5616)
(4, 1, 0.3)-3: (0.0478325276013788, 0.5544)
(4, 1, 0.3)-4: (0.053539203666312395, 0.5352)
(4, 1, 0.4)-0: (0.04656866322429076, 0.5792)
(4, 1, 0.4)-1: (0.05243385769756532, 0.544)
(4, 1, 0.4)-2: (0.053470389077867116, 0.6096)
(4, 1, 0.4)-3: (0.05067959606535659, 0.572)
(4, 1, 0.4)-4: (0.05403579387225408, 0.6376)
(4, 1, 0.5)-0: (0.04719998649276031, 0.6264)
(4, 1, 0.5)-1: (0.05103774008975188, 0.6744)
(4, 1, 0.5)-2: (0.04923960363992902, 0.6224)
(4, 1, 0.5)-3: (0.046650744826237545, 0.6056)
(4, 1, 0.5)-4: (0.0511788539235023, 0.5592)
(4, 2, 0.1)-0: (0.06456364153499335, 0.5896)
(4, 2, 0.1)-1: (0.18020579980667714, 0.8392)
(4, 2, 0.1)-2: (0.18067415902709544, 0.8392)
(4, 2, 0.1)-3: (0.07228135912989227, 0.4968)
(4, 2, 0.1)-4: (0.18076067065213194, 0.8392)
(4, 2, 0.2)-0: (0.06670014072287486, 0.4704)
(4, 2, 0.2)-1: (0.060146028610211864, 0.5096)
(4, 2, 0.2)-2: (0.06089322215133925, 0.56)
(4, 2, 0.2)-3: (0.06696585579243028, 0.5632)
(4, 2, 0.2)-4: (0.05295504081403384, 0.5936)
(4, 2, 0.3)-0: (0.057170603837758356, 0.5944)
(4, 2, 0.3)-1: (0.050645124610618944, 0.5608)
(4, 2, 0.3)-2: (0.05287903470252937, 0.6264)
(4, 2, 0.3)-3: (0.04807753699584807, 0.54)
(4, 2, 0.3)-4: (0.05518633506637069, 0.5864)
(4, 2, 0.4)-0: (0.061367850100627105, 0.5672)
(4, 2, 0.4)-1: (0.05306013041941869, 0.5488)
(4, 2, 0.4)-2: (0.048738785463575345, 0.5008)
(4, 2, 0.4)-3: (0.0513871015697217, 0.5272)
(4, 2, 0.4)-4: (0.052372379534540166, 0.5968)
(4, 2, 0.5)-0: (0.04429387479124951, 0.6704)
(4, 2, 0.5)-1: (0.05368754884563716, 0.64)
(4, 2, 0.5)-2: (0.048216683951774385, 0.6296)
(4, 2, 0.5)-3: (0.05129189294412116, 0.6608)
(4, 2, 0.5)-4: (0.0500016880871, 0.5352)
(4, 3, 0.1)-0: (0.24217097392629047, 0.8392)
(4, 3, 0.1)-1: (0.1903768045106183, 0.8392)
(4, 3, 0.1)-2: (0.48870078843046605, 0.0096)
(4, 3, 0.1)-3: (0.18249182240705955, 0.8392)
(4, 3, 0.1)-4: (0.18365283063510573, 0.8392)
(4, 3, 0.2)-0: (0.18035195270992543, 0.8392)
(4, 3, 0.2)-1: (0.2711791962895127, 0.1512)
(4, 3, 0.2)-2: (0.18004716705678325, 0.8392)
(4, 3, 0.2)-3: (0.18023461351967632, 0.8392)
(4, 3, 0.2)-4: (0.18018030722985134, 0.8392)
(4, 3, 0.3)-0: (0.2431668219535063, 0.8392)
(4, 3, 0.3)-1: (0.18029199271507748, 0.8392)
(4, 3, 0.3)-2: (0.06137839334957889, 0.764)
(4, 3, 0.3)-3: (0.18003589360702055, 0.8392)
(4, 3, 0.3)-4: (0.18012411109942494, 0.8392)
(4, 3, 0.4)-0: (0.2174068115443727, 0.8392)
(4, 3, 0.4)-1: (0.06905770528796457, 0.5072)
(4, 3, 0.4)-2: (0.18003433028257596, 0.8392)
(4, 3, 0.4)-3: (0.06950884393695664, 0.46)
(4, 3, 0.4)-4: (0.1829180947605274, 0.8392)
(4, 3, 0.5)-0: (0.08328653209164213, 0.588)
(4, 3, 0.5)-1: (0.06930544611258856, 0.3376)
(4, 3, 0.5)-2: (0.04945650603257036, 0.6896)
(4, 3, 0.5)-3: (0.05261807752088915, 0.5928)
(4, 3, 0.5)-4: (0.09937377694833174, 0.6616)
(5, 1, 0.1)-0: (0.06694221225136354, 0.564)
(5, 1, 0.1)-1: (0.1801861470197204, 0.8392)
(5, 1, 0.1)-2: (0.06353229031547131, 0.4088)
(5, 1, 0.1)-3: (0.07080404961636305, 0.6408)
(5, 1, 0.1)-4: (0.08712975026930939, 0.7112)
(5, 1, 0.2)-0: (0.05410357098052882, 0.5592)
(5, 1, 0.2)-1: (0.06384801315910116, 0.5464)
(5, 1, 0.2)-2: (0.06704197188817781, 0.6232)
(5, 1, 0.2)-3: (0.059681571373980134, 0.6032)
(5, 1, 0.2)-4: (0.0608592097884679, 0.5632)
(5, 1, 0.3)-0: (0.059316886674697665, 0.5936)
(5, 1, 0.3)-1: (0.05166653423424083, 0.6192)
(5, 1, 0.3)-2: (0.053395186526847896, 0.5648)
(5, 1, 0.3)-3: (0.04964509183569489, 0.6088)
(5, 1, 0.3)-4: (0.05424196505859072, 0.552)
(5, 1, 0.4)-0: (0.05116795019748545, 0.6088)
(5, 1, 0.4)-1: (0.049733946031122626, 0.5616)
(5, 1, 0.4)-2: (0.053176892662827484, 0.5632)
(5, 1, 0.4)-3: (0.05714042532249043, 0.564)
(5, 1, 0.4)-4: (0.05430337898362666, 0.6496)
(5, 1, 0.5)-0: (0.05421050345963039, 0.5744)
(5, 1, 0.5)-1: (0.04730780549140519, 0.5976)
(5, 1, 0.5)-2: (0.05305798563006572, 0.6016)
(5, 1, 0.5)-3: (0.0528633862890208, 0.656)
(5, 1, 0.5)-4: (0.053264945116536865, 0.556)
(5, 2, 0.1)-0: (0.07134403986851987, 0.412)
(5, 2, 0.1)-1: (0.08491902853087083, 0.4424)
(5, 2, 0.1)-2: (0.1813574967718776, 0.8392)
(5, 2, 0.1)-3: (0.18003537090614588, 0.8392)
(5, 2, 0.1)-4: (0.09533632088149242, 0.64)
(5, 2, 0.2)-0: (0.0808862610247909, 0.6296)
(5, 2, 0.2)-1: (0.059827812804056066, 0.3968)
(5, 2, 0.2)-2: (0.06959497407200986, 0.5352)
(5, 2, 0.2)-3: (0.06430838789878904, 0.7184)
(5, 2, 0.2)-4: (0.07025946796365606, 0.5216)
(5, 2, 0.3)-0: (0.05451661717527052, 0.6208)
(5, 2, 0.3)-1: (0.058036537500614487, 0.5632)
(5, 2, 0.3)-2: (0.05932004662160729, 0.5416)
(5, 2, 0.3)-3: (0.053446775823162, 0.5496)
(5, 2, 0.3)-4: (0.05720380152992692, 0.6136)
(5, 2, 0.4)-0: (0.04776232785434674, 0.584)
(5, 2, 0.4)-1: (0.04657689045647193, 0.5832)
(5, 2, 0.4)-2: (0.04498536899772161, 0.58)
(5, 2, 0.4)-3: (0.05569224317918065, 0.588)
(5, 2, 0.4)-4: (0.050563966097145044, 0.6408)
(5, 2, 0.5)-0: (0.05106693325352453, 0.6072)
(5, 2, 0.5)-1: (0.04891113526847875, 0.6488)
(5, 2, 0.5)-2: (0.049448979597036126, 0.7)
(5, 2, 0.5)-3: (0.04854766710958321, 0.696)
(5, 2, 0.5)-4: (0.044950367574782914, 0.6624)
(5, 3, 0.1)-0: (0.3527970183010033, 0.1512)
(5, 3, 0.1)-1: (0.2783431537931284, 0.0096)
(5, 3, 0.1)-2: (0.0995862268581382, 0.8392)
(5, 3, 0.1)-3: (0.5188069984664208, 0.0096)
(5, 3, 0.1)-4: (0.18046889657081802, 0.8392)
(5, 3, 0.2)-0: (0.21666095352683656, 0.8392)
(5, 3, 0.2)-1: (0.2528595305240566, 0.0096)
(5, 3, 0.2)-2: (0.18024452371592248, 0.8392)
(5, 3, 0.2)-3: (0.18386895050465712, 0.8392)
(5, 3, 0.2)-4: (0.07605299108518809, 0.6256)
(5, 3, 0.3)-0: (0.18789622114976906, 0.8392)
(5, 3, 0.3)-1: (0.0657627509811178, 0.4624)
(5, 3, 0.3)-2: (0.05789243143255678, 0.7104)
(5, 3, 0.3)-3: (0.2036189754343953, 0.8392)
(5, 3, 0.3)-4: (0.1800463510054984, 0.8392)
(5, 3, 0.4)-0: (0.0573107903444444, 0.5368)
(5, 3, 0.4)-1: (0.05368893525893102, 0.5672)
(5, 3, 0.4)-2: (0.061982741980797264, 0.7312)
(5, 3, 0.4)-3: (0.21417649660770025, 0.8392)
(5, 3, 0.4)-4: (0.0673232962316539, 0.5208)
(5, 3, 0.5)-0: (0.05686802557404125, 0.456)
(5, 3, 0.5)-1: (0.18114141513308646, 0.8392)
(5, 3, 0.5)-2: (0.051830689487668745, 0.5664)
(5, 3, 0.5)-3: (0.054484254559685294, 0.74)
(5, 3, 0.5)-4: (0.04991385747511537, 0.696)
