(3, 1, 0.1)-0: (0.06308131945497485, 0.5176)
(3, 1, 0.1)-1: (0.09982821052710822, 0.8072)
(3, 1, 0.1)-2: (0.06672133530624322, 0.5608)
(3, 1, 0.1)-3: (0.08786651249741535, 0.5832)
(3, 1, 0.1)-4: (0.06896933286689462, 0.576)
(3, 2, 0.1)-0: (0.06742764994106183, 0.6848)
(3, 2, 0.1)-1: (0.0688503779180855, 0.6648)
(3, 2, 0.1)-2: (0.07263118564001303, 0.5816)
(3, 2, 0.1)-3: (0.18061304118354518, 0.8392)
(3, 2, 0.1)-4: (0.1801375051626563, 0.8392)
(3, 3, 0.1)-0: (0.3352933751111384, 0.0096)
(3, 3, 0.1)-1: (0.10916783843892786, 0.8392)
(3, 3, 0.1)-2: (0.18003236634245373, 0.8392)
(3, 3, 0.1)-3: (0.18004169628181507, 0.8392)
(3, 3, 0.1)-4: (0.17927363704664853, 0.6952)
(4, 1, 0.1)-0: (0.05772236629411822, 0.5296)
(4, 1, 0.1)-1: (0.06411473489735547, 0.5568)
(4, 1, 0.1)-2: (0.07401512300953629, 0.5768)
(4, 1, 0.1)-3: (0.1800629003258495, 0.8392)
(4, 1, 0.1)-4: (0.06486264369510601, 0.6)
(4, 2, 0.1)-0: (0.18006258342118306, 0.8392)
(4, 2, 0.1)-1: (0.1859283721545722, 0.8392)
(4, 2, 0.1)-2: (0.1803636225828554, 0.8392)
(4, 2, 0.1)-3: (0.180130332410976, 0.8392)
(4, 2, 0.1)-4: (0.18013326402031474, 0.8392)
(4, 3, 0.1)-0: (0.4547974493838338, 0.0096)
(4, 3, 0.1)-1: (0.4096192585818197, 0.0096)
(4, 3, 0.1)-2: (0.18174403405699882, 0.8392)
(4, 3, 0.1)-3: (0.4065316512222024, 0.0096)
(4, 3, 0.1)-4: (0.2065064769451525, 0.8392)
(5, 1, 0.1)-0: (0.18006608224242696, 0.8392)
(5, 1, 0.1)-1: (0.06572873386399215, 0.4496)
(5, 1, 0.1)-2: (0.1801603615911253, 0.8392)
(5, 1, 0.1)-3: (0.07625772893872766, 0.412)
(5, 1, 0.1)-4: (0.18016494721787202, 0.8392)
(5, 2, 0.1)-0: (0.07440721801007512, 0.4008)
(5, 2, 0.1)-1: (0.0860010238494888, 0.3024)
(5, 2, 0.1)-2: (0.1802708543530818, 0.8392)
(5, 2, 0.1)-3: (0.18039999794636502, 0.8392)
(5, 2, 0.1)-4: (0.06728211090083189, 0.3624)
(5, 3, 0.1)-0: (0.1804651023767733, 0.8392)
(5, 3, 0.1)-1: (0.18334076290975376, 0.8392)
(5, 3, 0.1)-2: (0.16341931735653453, 0.8392)
(5, 3, 0.1)-3: (0.34366382954160546, 0.1512)
(5, 3, 0.1)-4: (0.1965336067241576, 0.8392)
