(3, 1, 0.1)-0: (0.06979904670183405, 0.6328)
(3, 1, 0.1)-1: (0.06939620350068931, 0.5992)
(3, 1, 0.1)-2: (0.06826165556113534, 0.604)
(3, 1, 0.1)-3: (0.0743053804572599, 0.6152)
(3, 1, 0.1)-4: (0.0850661131980157, 0.612)
(3, 1, 0.2)-0: (0.07167126300696632, 0.6464)
(3, 1, 0.2)-1: (0.08996796623831048, 0.588)
(3, 1, 0.2)-2: (0.059412720182129626, 0.6504)
(3, 1, 0.2)-3: (0.0721478915512509, 0.5744)
(3, 1, 0.2)-4: (0.07928055757004772, 0.6112)
(3, 1, 0.3)-0: (0.05311447754675464, 0.5752)
(3, 1, 0.3)-1: (0.060081922791531614, 0.6576)
(3, 1, 0.3)-2: (0.066001794074123, 0.5488)
(3, 1, 0.3)-3: (0.06552917689848062, 0.5552)
(3, 1, 0.3)-4: (0.06479687111244863, 0.6928)
(3, 1, 0.4)-0: (0.055747160678183943, 0.6272)
(3, 1, 0.4)-1: (0.07746608647669387, 0.608)
(3, 1, 0.4)-2: (0.06423398539512191, 0.6472)
(3, 1, 0.4)-3: (0.05709077214617243, 0.656)
(3, 1, 0.4)-4: (0.059139418533618655, 0.6064)
(3, 1, 0.5)-0: (0.06619411053769499, 0.5808)
(3, 1, 0.5)-1: (0.063346161728653, 0.6424)
(3, 1, 0.5)-2: (0.056737005925935946, 0.672)
(3, 1, 0.5)-3: (0.06266605599578316, 0.6088)
(3, 1, 0.5)-4: (0.0645745029101152, 0.6752)
(3, 1, 0.6)-0: (0.06307003712502825, 0.636)
(3, 1, 0.6)-1: (0.06537394406385251, 0.648)
(3, 1, 0.6)-2: (0.06782462455224608, 0.6768)
(3, 1, 0.6)-3: (0.06031389546877483, 0.628)
(3, 1, 0.6)-4: (0.06348456086704925, 0.6608)
(3, 1, 0.7)-0: (0.06190625156224833, 0.7128)
(3, 1, 0.7)-1: (0.05826667453702861, 0.6984)
(3, 1, 0.7)-2: (0.062382006089602954, 0.6272)
(3, 1, 0.7)-3: (0.06101318910312276, 0.7192)
(3, 1, 0.7)-4: (0.05848854865587071, 0.6552)
(3, 1, 0.8)-0: (0.07220726242888377, 0.676)
(3, 1, 0.8)-1: (0.060620597348858836, 0.6904)
(3, 1, 0.8)-2: (0.05714538291859808, 0.6744)
(3, 1, 0.8)-3: (0.06101201843648771, 0.6056)
(3, 1, 0.8)-4: (0.07470858372716868, 0.6576)
(3, 2, 0.1)-0: (0.0680992510307347, 0.5008)
(3, 2, 0.1)-1: (0.11387167303718489, 0.704)
(3, 2, 0.1)-2: (0.06999205298230676, 0.5504)
(3, 2, 0.1)-3: (0.06338691653292738, 0.516)
(3, 2, 0.1)-4: (0.1803461795061703, 0.8392)
(3, 2, 0.2)-0: (0.06481125666940978, 0.5944)
(3, 2, 0.2)-1: (0.06133850664887758, 0.5824)
(3, 2, 0.2)-2: (0.06074744711571239, 0.5568)
(3, 2, 0.2)-3: (0.07996431075435065, 0.6096)
(3, 2, 0.2)-4: (0.06037453778729007, 0.624)
(3, 2, 0.3)-0: (0.05847627102587819, 0.5872)
(3, 2, 0.3)-1: (0.06622379957091724, 0.592)
(3, 2, 0.3)-2: (0.0632086923775772, 0.6008)
(3, 2, 0.3)-3: (0.06586211615853317, 0.6176)
(3, 2, 0.3)-4: (0.06061193614323613, 0.6728)
(3, 2, 0.4)-0: (0.046504812074973145, 0.6376)
(3, 2, 0.4)-1: (0.05292346362971334, 0.6072)
(3, 2, 0.4)-2: (0.06892114177499865, 0.612)
(3, 2, 0.4)-3: (0.06431590117285534, 0.6264)
(3, 2, 0.4)-4: (0.049733023871934866, 0.6736)
(3, 2, 0.5)-0: (0.05538199137467615, 0.6136)
(3, 2, 0.5)-1: (0.06526199243982252, 0.652)
(3, 2, 0.5)-2: (0.05796449417571589, 0.6776)
(3, 2, 0.5)-3: (0.05710361646186417, 0.7208)
(3, 2, 0.5)-4: (0.055273344342339555, 0.632)
(3, 2, 0.6)-0: (0.07000808408477809, 0.7296)
(3, 2, 0.6)-1: (0.06548024748981149, 0.6392)
(3, 2, 0.6)-2: (0.05532798463755454, 0.6112)
(3, 2, 0.6)-3: (0.08330702380795399, 0.6848)
(3, 2, 0.6)-4: (0.06895413239225698, 0.652)
(3, 2, 0.7)-0: (0.07032851068436308, 0.7248)
(3, 2, 0.7)-1: (0.06243271853087258, 0.6944)
(3, 2, 0.7)-2: (0.05687481341572183, 0.6536)
(3, 2, 0.7)-3: (0.06275289215799879, 0.6304)
(3, 2, 0.7)-4: (0.055475085893029324, 0.6568)
(3, 2, 0.8)-0: (0.059054061774757416, 0.676)
(3, 2, 0.8)-1: (0.0748909214166178, 0.624)
(3, 2, 0.8)-2: (0.06206871277801237, 0.6664)
(3, 2, 0.8)-3: (0.06478329007029877, 0.588)
(3, 2, 0.8)-4: (0.060614998521680334, 0.6528)
(3, 3, 0.1)-0: (0.1999787800436057, 0.8392)
(3, 3, 0.1)-1: (0.12186278778927583, 0.8392)
(3, 3, 0.1)-2: (0.3030920675484434, 0.1512)
(3, 3, 0.1)-3: (0.09132465959793261, 0.628)
(3, 3, 0.1)-4: (0.10442835484426138, 0.568)
(3, 3, 0.2)-0: (0.1847996669155735, 0.8392)
(3, 3, 0.2)-1: (0.05966932788835663, 0.6144)
(3, 3, 0.2)-2: (0.2083255924822258, 0.8392)
(3, 3, 0.2)-3: (0.20724715685419381, 0.8392)
(3, 3, 0.2)-4: (0.05788205026519954, 0.652)
(3, 3, 0.3)-0: (0.18003221942800937, 0.8392)
(3, 3, 0.3)-1: (0.06101763011026494, 0.4712)
(3, 3, 0.3)-2: (0.18003411266396932, 0.8392)
(3, 3, 0.3)-3: (0.06996220641078191, 0.5408)
(3, 3, 0.3)-4: (0.07535798610585848, 0.5648)
(3, 3, 0.4)-0: (0.059071740070111095, 0.5312)
(3, 3, 0.4)-1: (0.05542134416229807, 0.604)
(3, 3, 0.4)-2: (0.18136076578849097, 0.8392)
(3, 3, 0.4)-3: (0.1084101545818065, 0.3328)
(3, 3, 0.4)-4: (0.061520359407118405, 0.6936)
(3, 3, 0.5)-0: (0.05939050203797967, 0.4936)
(3, 3, 0.5)-1: (0.05463166547834107, 0.596)
(3, 3, 0.5)-2: (0.06968793858689151, 0.6168)
(3, 3, 0.5)-3: (0.059714783503262814, 0.6872)
(3, 3, 0.5)-4: (0.05467932173519363, 0.6376)
(3, 3, 0.6)-0: (0.0593253744510253, 0.6656)
(3, 3, 0.6)-1: (0.08586977835677127, 0.6896)
(3, 3, 0.6)-2: (0.06195165531189251, 0.5368)
(3, 3, 0.6)-3: (0.052146960898485625, 0.5752)
(3, 3, 0.6)-4: (0.06516476547260232, 0.6456)
(3, 3, 0.7)-0: (0.06448169903477413, 0.516)
(3, 3, 0.7)-1: (0.04933684283598383, 0.6256)
(3, 3, 0.7)-2: (0.05191161250143279, 0.7072)
(3, 3, 0.7)-3: (0.05341392860215573, 0.6824)
(3, 3, 0.7)-4: (0.049114450688710155, 0.6152)
(3, 3, 0.8)-0: (0.07065347196565792, 0.7424)
(3, 3, 0.8)-1: (0.06072881333845937, 0.6552)
(3, 3, 0.8)-2: (0.06708549770633544, 0.6408)
(3, 3, 0.8)-3: (0.05654244689983092, 0.6728)
(3, 3, 0.8)-4: (0.05956104063985024, 0.668)
(4, 1, 0.1)-0: (0.10645663462549271, 0.4656)
(4, 1, 0.1)-1: (0.08001487320896736, 0.584)
(4, 1, 0.1)-2: (0.07956293072251344, 0.536)
(4, 1, 0.1)-3: (0.08911561177587292, 0.7432)
(4, 1, 0.1)-4: (0.07183564038348864, 0.5048)
(4, 1, 0.2)-0: (0.06257024429707124, 0.5224)
(4, 1, 0.2)-1: (0.05911813876831182, 0.6192)
(4, 1, 0.2)-2: (0.061718494863394514, 0.6216)
(4, 1, 0.2)-3: (0.060808953331516716, 0.5424)
(4, 1, 0.2)-4: (0.06739441138969236, 0.6016)
(4, 1, 0.3)-0: (0.051484597593129844, 0.6256)
(4, 1, 0.3)-1: (0.057701489853678414, 0.5584)
(4, 1, 0.3)-2: (0.0631598206385356, 0.6848)
(4, 1, 0.3)-3: (0.05717274025439923, 0.5776)
(4, 1, 0.3)-4: (0.06833408254586754, 0.6624)
(4, 1, 0.4)-0: (0.07049638882454633, 0.6216)
(4, 1, 0.4)-1: (0.06005689885260025, 0.5712)
(4, 1, 0.4)-2: (0.056982186787799344, 0.6656)
(4, 1, 0.4)-3: (0.06078216342247006, 0.616)
(4, 1, 0.4)-4: (0.05606027610966536, 0.6184)
(4, 1, 0.5)-0: (0.06642296227310017, 0.68)
(4, 1, 0.5)-1: (0.05184141333074244, 0.5968)
(4, 1, 0.5)-2: (0.05636698571581269, 0.668)
(4, 1, 0.5)-3: (0.05080325481467885, 0.6128)
(4, 1, 0.5)-4: (0.05446209284816799, 0.576)
(4, 1, 0.6)-0: (0.06384440145168216, 0.6216)
(4, 1, 0.6)-1: (0.05830883386569568, 0.6752)
(4, 1, 0.6)-2: (0.0627607120759201, 0.6408)
(4, 1, 0.6)-3: (0.06095574562616282, 0.5544)
(4, 1, 0.6)-4: (0.06434568490726762, 0.6776)
(4, 1, 0.7)-0: (0.06764553937259755, 0.6344)
(4, 1, 0.7)-1: (0.0610168194126824, 0.7456)
(4, 1, 0.7)-2: (0.06296217903874472, 0.624)
(4, 1, 0.7)-3: (0.059105383531136, 0.6168)
(4, 1, 0.7)-4: (0.06346226923132806, 0.5728)
(4, 1, 0.8)-0: (0.05292282322555536, 0.6192)
(4, 1, 0.8)-1: (0.057468898922994935, 0.6448)
(4, 1, 0.8)-2: (0.0509695605098075, 0.6416)
(4, 1, 0.8)-3: (0.05816653398419404, 0.5944)
(4, 1, 0.8)-4: (0.0643390719443209, 0.5688)
(4, 2, 0.1)-0: (0.08300243551012314, 0.496)
(4, 2, 0.1)-1: (0.11292628710169526, 0.672)
(4, 2, 0.1)-2: (0.09828156397141388, 0.7448)
(4, 2, 0.1)-3: (0.07130546234631238, 0.532)
(4, 2, 0.1)-4: (0.08178893781674323, 0.58)
(4, 2, 0.2)-0: (0.06642920263908471, 0.5648)
(4, 2, 0.2)-1: (0.069144660895142, 0.4144)
(4, 2, 0.2)-2: (0.06672609499174612, 0.4848)
(4, 2, 0.2)-3: (0.06526324951682906, 0.584)
(4, 2, 0.2)-4: (0.055613388523337186, 0.5888)
(4, 2, 0.3)-0: (0.05250175539033082, 0.5992)
(4, 2, 0.3)-1: (0.056023029759143764, 0.552)
(4, 2, 0.3)-2: (0.05905846246594706, 0.4176)
(4, 2, 0.3)-3: (0.05908846885878832, 0.5688)
(4, 2, 0.3)-4: (0.04946697994606867, 0.5464)
(4, 2, 0.4)-0: (0.04719369510745064, 0.66)
(4, 2, 0.4)-1: (0.055955638735429025, 0.628)
(4, 2, 0.4)-2: (0.05145205249034425, 0.6512)
(4, 2, 0.4)-3: (0.05398877191995929, 0.5712)
(4, 2, 0.4)-4: (0.06473509387830767, 0.5744)
(4, 2, 0.5)-0: (0.05225987355167748, 0.6288)
(4, 2, 0.5)-1: (0.06217283921036831, 0.652)
(4, 2, 0.5)-2: (0.05183491976300969, 0.6224)
(4, 2, 0.5)-3: (0.058103526642695726, 0.616)
(4, 2, 0.5)-4: (0.05121576841894848, 0.6624)
(4, 2, 0.6)-0: (0.04527509016144309, 0.6568)
(4, 2, 0.6)-1: (0.05458527691459494, 0.6568)
(4, 2, 0.6)-2: (0.05629156523395075, 0.6712)
(4, 2, 0.6)-3: (0.06680287031181102, 0.6016)
(4, 2, 0.6)-4: (0.050519984792424574, 0.6344)
(4, 2, 0.7)-0: (0.05327942898593293, 0.56)
(4, 2, 0.7)-1: (0.05326688153542767, 0.684)
(4, 2, 0.7)-2: (0.06430808165340911, 0.6864)
(4, 2, 0.7)-3: (0.05115140657793302, 0.6512)
(4, 2, 0.7)-4: (0.06652645200530694, 0.6712)
(4, 2, 0.8)-0: (0.06049933238302073, 0.6264)
(4, 2, 0.8)-1: (0.060878445969541985, 0.708)
(4, 2, 0.8)-2: (0.04794285879841876, 0.6224)
(4, 2, 0.8)-3: (0.05758774179138922, 0.5912)
(4, 2, 0.8)-4: (0.05913389783294417, 0.6104)
(4, 3, 0.1)-0: (0.1801171799976223, 0.8392)
(4, 3, 0.1)-1: (0.517395379594515, 0.0096)
(4, 3, 0.1)-2: (0.08378872823331333, 0.4264)
(4, 3, 0.1)-3: (0.3311154594174902, 0.0096)
(4, 3, 0.1)-4: (0.4744690745400438, 0.0096)
(4, 3, 0.2)-0: (0.1827496755366842, 0.8392)
(4, 3, 0.2)-1: (0.18014227855356968, 0.8392)
(4, 3, 0.2)-2: (0.06533202334099153, 0.52)
(4, 3, 0.2)-3: (0.18493522842690263, 0.8392)
(4, 3, 0.2)-4: (0.1814759899330644, 0.8392)
(4, 3, 0.3)-0: (0.06212796543474248, 0.6424)
(4, 3, 0.3)-1: (0.06662434910333531, 0.4984)
(4, 3, 0.3)-2: (0.18014413760493322, 0.8392)
(4, 3, 0.3)-3: (0.057058236551680526, 0.4872)
(4, 3, 0.3)-4: (0.06542856201429278, 0.504)
(4, 3, 0.4)-0: (0.06668839025070525, 0.5192)
(4, 3, 0.4)-1: (0.07744956044695371, 0.692)
(4, 3, 0.4)-2: (0.05501111505609624, 0.5984)
(4, 3, 0.4)-3: (0.06371034255922006, 0.5688)
(4, 3, 0.4)-4: (0.05209201881136123, 0.4184)
(4, 3, 0.5)-0: (0.18078103336469384, 0.8392)
(4, 3, 0.5)-1: (0.05012494825231525, 0.5704)
(4, 3, 0.5)-2: (0.18940169180982758, 0.8392)
(4, 3, 0.5)-3: (0.21146209735022595, 0.8392)
(4, 3, 0.5)-4: (0.1977542624236872, 0.8392)
(4, 3, 0.6)-0: (0.08228901487151453, 0.4216)
(4, 3, 0.6)-1: (0.04860672153133454, 0.7016)
(4, 3, 0.6)-2: (0.06708607886054158, 0.5184)
(4, 3, 0.6)-3: (0.18342237485890905, 0.8392)
(4, 3, 0.6)-4: (0.050348908187439, 0.5144)
(4, 3, 0.7)-0: (0.04879928807291908, 0.6608)
(4, 3, 0.7)-1: (0.059645876715610134, 0.6184)
(4, 3, 0.7)-2: (0.05208903382922311, 0.64)
(4, 3, 0.7)-3: (0.049923774340382775, 0.6576)
(4, 3, 0.7)-4: (0.061001907684530905, 0.6696)
(4, 3, 0.8)-0: (0.06057983011910278, 0.5696)
(4, 3, 0.8)-1: (0.059488342151588255, 0.704)
(4, 3, 0.8)-2: (0.056421220037129, 0.6)
(4, 3, 0.8)-3: (0.06044959168626425, 0.6048)
(4, 3, 0.8)-4: (0.05807243891728598, 0.6704)
(5, 1, 0.1)-0: (0.08515201374014587, 0.6544)
(5, 1, 0.1)-1: (0.08113588618040382, 0.404)
(5, 1, 0.1)-2: (0.11684200024052935, 0.7936)
(5, 1, 0.1)-3: (0.07848166240486239, 0.492)
(5, 1, 0.1)-4: (0.07059505981684576, 0.5048)
(5, 1, 0.2)-0: (0.07216204313525793, 0.584)
(5, 1, 0.2)-1: (0.06206606057687202, 0.5496)
(5, 1, 0.2)-2: (0.059116899812599356, 0.5224)
(5, 1, 0.2)-3: (0.05548309852333671, 0.4784)
(5, 1, 0.2)-4: (0.057669663685296496, 0.5584)
(5, 1, 0.3)-0: (0.054064318130471224, 0.596)
(5, 1, 0.3)-1: (0.06301633079486235, 0.608)
(5, 1, 0.3)-2: (0.058660625213812115, 0.452)
(5, 1, 0.3)-3: (0.06070300705801199, 0.532)
(5, 1, 0.3)-4: (0.06044588873358646, 0.6136)
(5, 1, 0.4)-0: (0.060422873674371796, 0.5384)
(5, 1, 0.4)-1: (0.05643095886931924, 0.576)
(5, 1, 0.4)-2: (0.05505420209356156, 0.6024)
(5, 1, 0.4)-3: (0.05955081080260269, 0.5912)
(5, 1, 0.4)-4: (0.04965411589714016, 0.6832)
(5, 1, 0.5)-0: (0.04993333182833274, 0.6496)
(5, 1, 0.5)-1: (0.04897700897657044, 0.6088)
(5, 1, 0.5)-2: (0.05695887611368666, 0.6736)
(5, 1, 0.5)-3: (0.04977367460858277, 0.5896)
(5, 1, 0.5)-4: (0.055768376023329146, 0.6408)
(5, 1, 0.6)-0: (0.06630092663296347, 0.6936)
(5, 1, 0.6)-1: (0.0544746288370462, 0.6168)
(5, 1, 0.6)-2: (0.04598811639432448, 0.6176)
(5, 1, 0.6)-3: (0.054183714954002996, 0.6656)
(5, 1, 0.6)-4: (0.053334695213793235, 0.6424)
(5, 1, 0.7)-0: (0.05142488954808883, 0.6808)
(5, 1, 0.7)-1: (0.04872191255948754, 0.6536)
(5, 1, 0.7)-2: (0.06112226270468035, 0.6872)
(5, 1, 0.7)-3: (0.05103403575181209, 0.6456)
(5, 1, 0.7)-4: (0.05061825771389343, 0.628)
(5, 1, 0.8)-0: (0.04843886231385857, 0.6464)
(5, 1, 0.8)-1: (0.061715984807646736, 0.5936)
(5, 1, 0.8)-2: (0.05685804399379681, 0.6968)
(5, 1, 0.8)-3: (0.05246626496311307, 0.6776)
(5, 1, 0.8)-4: (0.060619172977091185, 0.7016)
(5, 2, 0.1)-0: (0.1854699034278503, 0.8392)
(5, 2, 0.1)-1: (0.180074665972659, 0.8392)
(5, 2, 0.1)-2: (0.1801974901487076, 0.8392)
(5, 2, 0.1)-3: (0.1805987890523862, 0.8392)
(5, 2, 0.1)-4: (0.0891903968064091, 0.416)
(5, 2, 0.2)-0: (0.06700794640708665, 0.568)
(5, 2, 0.2)-1: (0.05673624413769228, 0.5776)
(5, 2, 0.2)-2: (0.07001893066173437, 0.4672)
(5, 2, 0.2)-3: (0.07196752043483799, 0.5432)
(5, 2, 0.2)-4: (0.05986426432702726, 0.4848)
(5, 2, 0.3)-0: (0.05724481172018638, 0.5824)
(5, 2, 0.3)-1: (0.05869378125271225, 0.4608)
(5, 2, 0.3)-2: (0.05412393906064533, 0.5808)
(5, 2, 0.3)-3: (0.07307886478004436, 0.6768)
(5, 2, 0.3)-4: (0.06205329165837512, 0.6752)
(5, 2, 0.4)-0: (0.0552993444601004, 0.4848)
(5, 2, 0.4)-1: (0.05139113615286714, 0.636)
(5, 2, 0.4)-2: (0.04630753552628458, 0.572)
(5, 2, 0.4)-3: (0.04811663219719227, 0.632)
(5, 2, 0.4)-4: (0.048255304106475175, 0.5256)
(5, 2, 0.5)-0: (0.0536623986430531, 0.516)
(5, 2, 0.5)-1: (0.05873093336104829, 0.5672)
(5, 2, 0.5)-2: (0.053532426421044804, 0.556)
(5, 2, 0.5)-3: (0.07273927979579266, 0.6712)
(5, 2, 0.5)-4: (0.052307642965297496, 0.64)
(5, 2, 0.6)-0: (0.050627624889389454, 0.6128)
(5, 2, 0.6)-1: (0.04841477506436428, 0.5832)
(5, 2, 0.6)-2: (0.06855954450074218, 0.6208)
(5, 2, 0.6)-3: (0.05314597590337653, 0.6088)
(5, 2, 0.6)-4: (0.05675546426121267, 0.6176)
(5, 2, 0.7)-0: (0.08110744131224444, 0.6784)
(5, 2, 0.7)-1: (0.04713407884575632, 0.6224)
(5, 2, 0.7)-2: (0.049969651984135985, 0.672)
(5, 2, 0.7)-3: (0.054137112875948926, 0.6648)
(5, 2, 0.7)-4: (0.04990875357359463, 0.6376)
(5, 2, 0.8)-0: (0.05041466076915395, 0.6624)
(5, 2, 0.8)-1: (0.055369791605828354, 0.6152)
(5, 2, 0.8)-2: (0.05406443609343199, 0.6496)
(5, 2, 0.8)-3: (0.05763664044863411, 0.7128)
(5, 2, 0.8)-4: (0.05242654945814113, 0.6416)
(5, 3, 0.1)-0: (0.10558162840125705, 0.5808)
(5, 3, 0.1)-1: (0.18181746459647657, 0.8392)
(5, 3, 0.1)-2: (0.3898612321292243, 0.1512)
(5, 3, 0.1)-3: (0.18278045743496518, 0.8392)
(5, 3, 0.1)-4: (0.2054948557007404, 0.8392)
(5, 3, 0.2)-0: (0.0812965193980929, 0.4264)
(5, 3, 0.2)-1: (0.0660956468159279, 0.4824)
(5, 3, 0.2)-2: (0.18286718180536687, 0.8392)
(5, 3, 0.2)-3: (0.10647129476626249, 0.6064)
(5, 3, 0.2)-4: (0.09077635998801285, 0.7304)
(5, 3, 0.3)-0: (0.19087182306460826, 0.8392)
(5, 3, 0.3)-1: (0.18116998053469305, 0.8392)
(5, 3, 0.3)-2: (0.08657368799929271, 0.8392)
(5, 3, 0.3)-3: (0.2617974738578252, 0.1512)
(5, 3, 0.3)-4: (0.06797932028100284, 0.7144)
(5, 3, 0.4)-0: (0.05394588510854935, 0.6088)
(5, 3, 0.4)-1: (0.06438656409089251, 0.72)
(5, 3, 0.4)-2: (0.18016211644448746, 0.8392)
(5, 3, 0.4)-3: (0.1801454681090297, 0.8392)
(5, 3, 0.4)-4: (0.05232685632418542, 0.5848)
(5, 3, 0.5)-0: (0.05388814992109236, 0.528)
(5, 3, 0.5)-1: (0.18015540691618445, 0.8392)
(5, 3, 0.5)-2: (0.06608999976905286, 0.6864)
(5, 3, 0.5)-3: (0.05487304083234181, 0.724)
(5, 3, 0.5)-4: (0.055126212418245106, 0.5792)
(5, 3, 0.6)-0: (0.05489728150633796, 0.7072)
(5, 3, 0.6)-1: (0.0648780984725308, 0.54)
(5, 3, 0.6)-2: (0.051167151143905715, 0.5904)
(5, 3, 0.6)-3: (0.05768362436885401, 0.5376)
(5, 3, 0.6)-4: (0.07028800074408226, 0.6136)
(5, 3, 0.7)-0: (0.04961243673773288, 0.6216)
(5, 3, 0.7)-1: (0.049668527374799834, 0.6464)
(5, 3, 0.7)-2: (0.05727354423860397, 0.4128)
(5, 3, 0.7)-3: (0.0544705468363572, 0.6232)
(5, 3, 0.7)-4: (0.05354134000101449, 0.6312)
(5, 3, 0.8)-0: (0.06060050285649852, 0.6472)
(5, 3, 0.8)-1: (0.05651672365028632, 0.72)
(5, 3, 0.8)-2: (0.04973396895975111, 0.6424)
(5, 3, 0.8)-3: (0.05100438472219088, 0.5968)
(5, 3, 0.8)-4: (0.05513439148025727, 0.6864)
