(3, 1, 0.1)-0: (0.056509037719458, 0.652)
(3, 1, 0.1)-1: (0.06296770784377105, 0.6424)
(3, 1, 0.1)-2: (0.06791418176510591, 0.5568)
(3, 1, 0.1)-3: (0.09396184693846175, 0.5544)
(3, 1, 0.1)-4: (0.06175105186881573, 0.5768)
(3, 1, 0.2)-0: (0.06076231077750604, 0.6952)
(3, 1, 0.2)-1: (0.06320241285529732, 0.6816)
(3, 1, 0.2)-2: (0.06302514141218335, 0.6776)
(3, 1, 0.2)-3: (0.05243777703435911, 0.656)
(3, 1, 0.2)-4: (0.05370845749239898, 0.6584)
(3, 1, 0.3)-0: (0.066404758117747, 0.6656)
(3, 1, 0.3)-1: (0.1318159356333787, 0.512)
(3, 1, 0.3)-2: (0.08193431065638755, 0.6848)
(3, 1, 0.3)-3: (0.08059920179572298, 0.6456)
(3, 1, 0.3)-4: (0.06663484756157775, 0.68)
(3, 1, 0.4)-0: (0.06287458793734285, 0.644)
(3, 1, 0.4)-1: (0.06450791710452708, 0.6744)
(3, 1, 0.4)-2: (0.0706069069398844, 0.6552)
(3, 1, 0.4)-3: (0.05977377808994886, 0.5784)
(3, 1, 0.4)-4: (0.09269736493462136, 0.5672)
(3, 1, 0.5)-0: (0.06344907732815958, 0.66)
(3, 1, 0.5)-1: (0.07129574165130691, 0.6664)
(3, 1, 0.5)-2: (0.054360346589987604, 0.528)
(3, 1, 0.5)-3: (0.07031823864371743, 0.5304)
(3, 1, 0.5)-4: (0.05449890663301798, 0.696)
(3, 2, 0.1)-0: (0.06786900153265457, 0.4936)
(3, 2, 0.1)-1: (0.06330156801561274, 0.6816)
(3, 2, 0.1)-2: (0.07157999516909183, 0.5472)
(3, 2, 0.1)-3: (0.06129031969558757, 0.6208)
(3, 2, 0.1)-4: (0.0618166509923022, 0.556)
(3, 2, 0.2)-0: (0.06460450095244365, 0.756)
(3, 2, 0.2)-1: (0.05617995679090777, 0.6624)
(3, 2, 0.2)-2: (0.0733190419143365, 0.7472)
(3, 2, 0.2)-3: (0.06615512495016938, 0.5872)
(3, 2, 0.2)-4: (0.08510096756594308, 0.668)
(3, 2, 0.3)-0: (0.06937416500573511, 0.5976)
(3, 2, 0.3)-1: (0.0523140382371203, 0.7064)
(3, 2, 0.3)-2: (0.07927242720388905, 0.616)
(3, 2, 0.3)-3: (0.07532355734934996, 0.6896)
(3, 2, 0.3)-4: (0.06563218243519832, 0.668)
(3, 2, 0.4)-0: (0.05265838398458689, 0.7176)
(3, 2, 0.4)-1: (0.07035778379636706, 0.6104)
(3, 2, 0.4)-2: (0.07276730727337082, 0.6608)
(3, 2, 0.4)-3: (0.06195227551583227, 0.648)
(3, 2, 0.4)-4: (0.07894843892063165, 0.736)
(3, 2, 0.5)-0: (0.07725286158187562, 0.6616)
(3, 2, 0.5)-1: (0.07175669233565438, 0.6312)
(3, 2, 0.5)-2: (0.06766916751122665, 0.5632)
(3, 2, 0.5)-3: (0.07101339576211839, 0.608)
(3, 2, 0.5)-4: (0.06701525986603157, 0.744)
(3, 3, 0.1)-0: (0.07811113569519076, 0.436)
(3, 3, 0.1)-1: (0.18007819844559714, 0.8392)
(3, 3, 0.1)-2: (0.18010918413840915, 0.8392)
(3, 3, 0.1)-3: (0.18402627649461467, 0.8392)
(3, 3, 0.1)-4: (0.06232796416556891, 0.4136)
(3, 3, 0.2)-0: (0.18022192931082262, 0.8392)
(3, 3, 0.2)-1: (0.18006150647582192, 0.8392)
(3, 3, 0.2)-2: (0.051141595221527905, 0.6816)
(3, 3, 0.2)-3: (0.05222609976641737, 0.7072)
(3, 3, 0.2)-4: (0.05406218693370546, 0.6648)
(3, 3, 0.3)-0: (0.05855376352485457, 0.6344)
(3, 3, 0.3)-1: (0.18004601410600618, 0.8392)
(3, 3, 0.3)-2: (0.05977041434828933, 0.6784)
(3, 3, 0.3)-3: (0.0775859915159964, 0.6352)
(3, 3, 0.3)-4: (0.05338299537225907, 0.6456)
(3, 3, 0.4)-0: (0.06623075111528497, 0.7272)
(3, 3, 0.4)-1: (0.05062672723929435, 0.6504)
(3, 3, 0.4)-2: (0.05986432244328691, 0.576)
(3, 3, 0.4)-3: (0.05219214967300843, 0.6576)
(3, 3, 0.4)-4: (0.07920750404136957, 0.6528)
(3, 3, 0.5)-0: (0.04641483120430025, 0.5744)
(3, 3, 0.5)-1: (0.18006261005575394, 0.8392)
(3, 3, 0.5)-2: (0.06671476215973249, 0.6536)
(3, 3, 0.5)-3: (0.058278521823007454, 0.5968)
(3, 3, 0.5)-4: (0.06340285249349922, 0.7264)
(4, 1, 0.1)-0: (0.07357442870618364, 0.636)
(4, 1, 0.1)-1: (0.05799359652269627, 0.6864)
(4, 1, 0.1)-2: (0.05700627978552794, 0.6632)
(4, 1, 0.1)-3: (0.058221978139835144, 0.588)
(4, 1, 0.1)-4: (0.05936849211723096, 0.6344)
(4, 1, 0.2)-0: (0.05734792187254904, 0.5768)
(4, 1, 0.2)-1: (0.05802329725641398, 0.5904)
(4, 1, 0.2)-2: (0.06354893206792747, 0.6536)
(4, 1, 0.2)-3: (0.07560547661335734, 0.6632)
(4, 1, 0.2)-4: (0.06198207075986546, 0.688)
(4, 1, 0.3)-0: (0.07411016173280434, 0.66)
(4, 1, 0.3)-1: (0.0646941641118073, 0.6488)
(4, 1, 0.3)-2: (0.05378713880538379, 0.5808)
(4, 1, 0.3)-3: (0.05552865120836384, 0.5968)
(4, 1, 0.3)-4: (0.056999933919683964, 0.6384)
(4, 1, 0.4)-0: (0.05873298036672421, 0.5712)
(4, 1, 0.4)-1: (0.056959910850743777, 0.6376)
(4, 1, 0.4)-2: (0.05049254773577697, 0.688)
(4, 1, 0.4)-3: (0.07304574323498911, 0.6432)
(4, 1, 0.4)-4: (0.11080209760001328, 0.716)
(4, 1, 0.5)-0: (0.05328908614835559, 0.6664)
(4, 1, 0.5)-1: (0.07751577995502695, 0.6792)
(4, 1, 0.5)-2: (0.07263663088305662, 0.5648)
(4, 1, 0.5)-3: (0.05080860000226824, 0.6224)
(4, 1, 0.5)-4: (0.05895520968647158, 0.6712)
(4, 2, 0.1)-0: (0.18007692710077125, 0.8392)
(4, 2, 0.1)-1: (0.06494170881049907, 0.5208)
(4, 2, 0.1)-2: (0.06573079212585603, 0.5192)
(4, 2, 0.1)-3: (0.07058359814545123, 0.6784)
(4, 2, 0.1)-4: (0.06778296958341663, 0.5912)
(4, 2, 0.2)-0: (0.05596929181613491, 0.5304)
(4, 2, 0.2)-1: (0.060761602789649045, 0.6704)
(4, 2, 0.2)-2: (0.06324936263705401, 0.6728)
(4, 2, 0.2)-3: (0.05895594868046146, 0.704)
(4, 2, 0.2)-4: (0.06865488982816277, 0.7032)
(4, 2, 0.3)-0: (0.06753893697373071, 0.624)
(4, 2, 0.3)-1: (0.05634962094475673, 0.6008)
(4, 2, 0.3)-2: (0.06673942698495632, 0.3888)
(4, 2, 0.3)-3: (0.07805813808594293, 0.7576)
(4, 2, 0.3)-4: (0.06603592051327158, 0.5992)
(4, 2, 0.4)-0: (0.08685873737411659, 0.6912)
(4, 2, 0.4)-1: (0.06263098807909566, 0.7112)
(4, 2, 0.4)-2: (0.08191121484379339, 0.6512)
(4, 2, 0.4)-3: (0.10208191533446873, 0.5368)
(4, 2, 0.4)-4: (0.05089697907471787, 0.6112)
(4, 2, 0.5)-0: (0.07222455823947616, 0.7056)
(4, 2, 0.5)-1: (0.092579454350334, 0.6976)
(4, 2, 0.5)-2: (0.09794470086137279, 0.66)
(4, 2, 0.5)-3: (0.0520416695006028, 0.6256)
(4, 2, 0.5)-4: (0.08159221045511535, 0.616)
(4, 3, 0.1)-0: (0.1893882008235315, 0.8392)
(4, 3, 0.1)-1: (0.07490301478577839, 0.6336)
(4, 3, 0.1)-2: (0.1860883563808635, 0.8392)
(4, 3, 0.1)-3: (0.1820797824770944, 0.8392)
(4, 3, 0.1)-4: (0.15890140841901998, 0.6512)
(4, 3, 0.2)-0: (0.18007857088315513, 0.8392)
(4, 3, 0.2)-1: (0.1800768631143146, 0.8392)
(4, 3, 0.2)-2: (0.1800358665161236, 0.8392)
(4, 3, 0.2)-3: (0.18006501338437716, 0.8392)
(4, 3, 0.2)-4: (0.0871665538367204, 0.5488)
(4, 3, 0.3)-0: (0.06824962789695292, 0.504)
(4, 3, 0.3)-1: (0.06024699213799931, 0.6648)
(4, 3, 0.3)-2: (0.1800587774234369, 0.8392)
(4, 3, 0.3)-3: (0.06031362445956866, 0.5216)
(4, 3, 0.3)-4: (0.1800512569881024, 0.8392)
(4, 3, 0.4)-0: (0.051663354772292766, 0.7232)
(4, 3, 0.4)-1: (0.050557456770875545, 0.6096)
(4, 3, 0.4)-2: (0.050882815399601704, 0.692)
(4, 3, 0.4)-3: (0.05474001855740299, 0.688)
(4, 3, 0.4)-4: (0.0491203613836067, 0.5552)
(4, 3, 0.5)-0: (0.053868529969060656, 0.5384)
(4, 3, 0.5)-1: (0.05243935265909089, 0.5864)
(4, 3, 0.5)-2: (0.06513136422548432, 0.7064)
(4, 3, 0.5)-3: (0.07018229120543416, 0.6088)
(4, 3, 0.5)-4: (0.06422639594030244, 0.5184)
(5, 1, 0.1)-0: (0.06752398989307637, 0.6392)
(5, 1, 0.1)-1: (0.07488208963988759, 0.7272)
(5, 1, 0.1)-2: (0.057994050399772644, 0.552)
(5, 1, 0.1)-3: (0.07395034079207147, 0.7472)
(5, 1, 0.1)-4: (0.06583800235774864, 0.6736)
(5, 1, 0.2)-0: (0.05636388572669369, 0.5624)
(5, 1, 0.2)-1: (0.07286703763473917, 0.6144)
(5, 1, 0.2)-2: (0.0769091494133903, 0.6616)
(5, 1, 0.2)-3: (0.07297286497115497, 0.6832)
(5, 1, 0.2)-4: (0.06521962242899357, 0.644)
(5, 1, 0.3)-0: (0.05924899167806495, 0.6608)
(5, 1, 0.3)-1: (0.08274957944400826, 0.632)
(5, 1, 0.3)-2: (0.05497157916505114, 0.5912)
(5, 1, 0.3)-3: (0.05422331762568695, 0.6552)
(5, 1, 0.3)-4: (0.05509984634370262, 0.6512)
(5, 1, 0.4)-0: (0.07332045175885119, 0.6888)
(5, 1, 0.4)-1: (0.04810411019652311, 0.6256)
(5, 1, 0.4)-2: (0.05361903552831439, 0.7216)
(5, 1, 0.4)-3: (0.05338344469608128, 0.6384)
(5, 1, 0.4)-4: (0.04733846645446196, 0.6568)
(5, 1, 0.5)-0: (0.06175850671967638, 0.6784)
(5, 1, 0.5)-1: (0.07112415802172668, 0.6864)
(5, 1, 0.5)-2: (0.06624947850164369, 0.6952)
(5, 1, 0.5)-3: (0.062408274418410147, 0.6608)
(5, 1, 0.5)-4: (0.058198399093488375, 0.564)
(5, 2, 0.1)-0: (0.18010787399106287, 0.8392)
(5, 2, 0.1)-1: (0.0706017046804954, 0.4112)
(5, 2, 0.1)-2: (0.06706780882303222, 0.4944)
(5, 2, 0.1)-3: (0.057749871983731715, 0.7008)
(5, 2, 0.1)-4: (0.05381939871674728, 0.692)
(5, 2, 0.2)-0: (0.05483328618643975, 0.7304)
(5, 2, 0.2)-1: (0.07451760128015265, 0.704)
(5, 2, 0.2)-2: (0.07614198317742614, 0.6064)
(5, 2, 0.2)-3: (0.053274839729644315, 0.5568)
(5, 2, 0.2)-4: (0.05572536118856484, 0.6464)
(5, 2, 0.3)-0: (0.045933183000615614, 0.6736)
(5, 2, 0.3)-1: (0.05814452227242301, 0.6456)
(5, 2, 0.3)-2: (0.052427843338090634, 0.6216)
(5, 2, 0.3)-3: (0.052088954360584, 0.6216)
(5, 2, 0.3)-4: (0.05597972500452114, 0.5)
(5, 2, 0.4)-0: (0.05359524933555516, 0.636)
(5, 2, 0.4)-1: (0.0530844300976328, 0.6104)
(5, 2, 0.4)-2: (0.05211793621462297, 0.6872)
(5, 2, 0.4)-3: (0.0524111454111958, 0.5864)
(5, 2, 0.4)-4: (0.06863741807923869, 0.6688)
(5, 2, 0.5)-0: (0.04660839106275412, 0.5552)
(5, 2, 0.5)-1: (0.09013294706097226, 0.688)
(5, 2, 0.5)-2: (0.05568007366918025, 0.596)
(5, 2, 0.5)-3: (0.046501555945853215, 0.6408)
(5, 2, 0.5)-4: (0.06806062126542291, 0.6552)
(5, 3, 0.1)-0: (0.18642829016681065, 0.8392)
(5, 3, 0.1)-1: (0.1860803851640072, 0.8392)
(5, 3, 0.1)-2: (0.18036001283062822, 0.8392)
(5, 3, 0.1)-3: (0.1856948390525645, 0.8392)
(5, 3, 0.1)-4: (0.180039859323235, 0.8392)
(5, 3, 0.2)-0: (0.057241628616147046, 0.632)
(5, 3, 0.2)-1: (0.07191231094772176, 0.5048)
(5, 3, 0.2)-2: (0.05525250493016769, 0.4736)
(5, 3, 0.2)-3: (0.04871025521293954, 0.6008)
(5, 3, 0.2)-4: (0.06064634971612579, 0.5936)
(5, 3, 0.3)-0: (0.18008055346020768, 0.8392)
(5, 3, 0.3)-1: (0.07015039457284206, 0.584)
(5, 3, 0.3)-2: (0.062292650756922356, 0.4336)
(5, 3, 0.3)-3: (0.055318047393111455, 0.4536)
(5, 3, 0.3)-4: (0.05049821287561579, 0.592)
(5, 3, 0.4)-0: (0.056028309141157, 0.5856)
(5, 3, 0.4)-1: (0.08317971426155533, 0.632)
(5, 3, 0.4)-2: (0.057869556910010916, 0.62)
(5, 3, 0.4)-3: (0.1077972844307888, 0.4424)
(5, 3, 0.4)-4: (0.05397902579641095, 0.6248)
(5, 3, 0.5)-0: (0.06846155203472369, 0.5824)
(5, 3, 0.5)-1: (0.04572054681210808, 0.5544)
(5, 3, 0.5)-2: (0.062479306267669905, 0.5888)
(5, 3, 0.5)-3: (0.05325218855608871, 0.6168)
(5, 3, 0.5)-4: (0.18009422380781265, 0.8392)
