(3, 1, 0.3)-0: (0.05727055180031337, 0.5764)
(3, 1, 0.3)-1: (0.05881555973761566, 0.5928)
(3, 1, 0.3)-2: (0.05933671194764928, 0.6056)
(3, 1, 0.3)-3: (0.05810972331616729, 0.604)
(3, 1, 0.3)-4: (0.05245897163462946, 0.6244)
(3, 1, 0.4)-0: (0.05158452471086989, 0.6552)
(3, 1, 0.4)-1: (0.051726537152385364, 0.62)
(3, 1, 0.4)-2: (0.0553810862983944, 0.7004)
(3, 1, 0.4)-3: (0.05500991735788686, 0.6132)
(3, 1, 0.4)-4: (0.05233967390820676, 0.6856)
(3, 1, 0.5)-0: (0.05177572454153135, 0.594)
(3, 1, 0.5)-1: (0.05154880853535941, 0.6256)
(3, 1, 0.5)-2: (0.05260862731103071, 0.648)
(3, 1, 0.5)-3: (0.055165273690676704, 0.656)
(3, 1, 0.5)-4: (0.052940721103113014, 0.6444)
(3, 2, 0.4)-3: (0.060042574318810375, 0.5776)
(3, 2, 0.5)-1: (0.049092603441071095, 0.5968)
(3, 2, 0.5)-2: (0.051324156120184435, 0.5748)
(3, 2, 0.5)-4: (0.048767023486706244, 0.6632)
(4, 1, 0.3)-3: (0.05989754040703869, 0.6136)
(4, 1, 0.3)-4: (0.06014030801677933, 0.5996)
(4, 1, 0.4)-0: (0.053801976803623315, 0.6012)
(4, 1, 0.4)-1: (0.061758280603914806, 0.5924)
(4, 1, 0.4)-3: (0.055059936347315784, 0.5936)
(4, 1, 0.4)-4: (0.053515700965629506, 0.5624)
(4, 1, 0.5)-0: (0.05600784700652397, 0.6288)
(4, 1, 0.5)-1: (0.05278668811292972, 0.6784)
(4, 1, 0.5)-2: (0.05477946096327139, 0.6072)
(4, 1, 0.5)-3: (0.05033304342810955, 0.69)
(4, 1, 0.5)-4: (0.051231538785975556, 0.6316)
(4, 2, 0.5)-2: (0.05142946890702647, 0.5632)
(4, 2, 0.5)-4: (0.05216719417409252, 0.5856)
(5, 1, 0.4)-2: (0.05335354772581769, 0.6008)
(5, 1, 0.4)-3: (0.05539606996640835, 0.5952)
(5, 1, 0.5)-1: (0.0517927235408522, 0.546)
(5, 1, 0.5)-2: (0.06088733661081973, 0.6084)
(5, 1, 0.5)-4: (0.06030821037944415, 0.6136)
(5, 2, 0.5)-3: (0.05292082066838839, 0.6232)
(5, 2, 0.5)-4: (0.0519956421735758, 0.6016)
