(3, 1, 0.1)-0: (0.07479985714934893, 0.5632)
(3, 1, 0.1)-1: (0.08419484947505546, 0.7424)
(3, 1, 0.1)-2: (0.09375537716494696, 0.7408)
(3, 1, 0.1)-3: (0.18238311088281645, 0.8392)
(3, 1, 0.1)-4: (0.18005277280057622, 0.8392)
(3, 1, 0.2)-0: (0.062285496467731516, 0.616)
(3, 1, 0.2)-1: (0.08447425110838977, 0.6064)
(3, 1, 0.2)-2: (0.07095436970662133, 0.596)
(3, 1, 0.2)-3: (0.072621288214381, 0.5064)
(3, 1, 0.2)-4: (0.059990848487135665, 0.6328)
(3, 1, 0.3)-0: (0.07253537749173469, 0.6032)
(3, 1, 0.3)-1: (0.05749633379684289, 0.5912)
(3, 1, 0.3)-2: (0.059306707113946436, 0.6208)
(3, 1, 0.3)-3: (0.061394019229248385, 0.6264)
(3, 1, 0.3)-4: (0.05630802872751667, 0.5616)
(3, 1, 0.4)-0: (0.07717695659454257, 0.5584)
(3, 1, 0.4)-1: (0.06578307698285547, 0.6192)
(3, 1, 0.4)-2: (0.06688080661656536, 0.628)
(3, 1, 0.4)-3: (0.06532564540779723, 0.5928)
(3, 1, 0.4)-4: (0.06050999801464129, 0.6168)
(3, 1, 0.5)-0: (0.06126275449314737, 0.6616)
(3, 1, 0.5)-1: (0.061931095757670265, 0.66)
(3, 1, 0.5)-2: (0.06893589047839327, 0.6064)
(3, 1, 0.5)-3: (0.06177437253603878, 0.6608)
(3, 1, 0.5)-4: (0.07039209112904592, 0.6216)
(3, 1, 0.6)-0: (0.0633395547984482, 0.5728)
(3, 1, 0.6)-1: (0.06263990174371331, 0.6512)
(3, 1, 0.6)-2: (0.05817557318581409, 0.6472)
(3, 1, 0.6)-3: (0.07860785231334226, 0.664)
(3, 1, 0.6)-4: (0.06340054201578117, 0.6616)
(3, 1, 0.7)-0: (0.0596617183589113, 0.704)
(3, 1, 0.7)-1: (0.06165160779127085, 0.5984)
(3, 1, 0.7)-2: (0.05850850185069096, 0.6704)
(3, 1, 0.7)-3: (0.060316091673882535, 0.6648)
(3, 1, 0.7)-4: (0.07640907001270153, 0.6656)
(3, 1, 0.8)-0: (0.05865380985340155, 0.6496)
(3, 1, 0.8)-1: (0.0631790775535371, 0.6752)
(3, 1, 0.8)-2: (0.07938532916720513, 0.6152)
(3, 1, 0.8)-3: (0.05775635752229655, 0.7208)
(3, 1, 0.8)-4: (0.05758263498432519, 0.6568)
(3, 2, 0.1)-0: (0.18326387438950867, 0.8392)
(3, 2, 0.1)-1: (0.1809507558740011, 0.8392)
(3, 2, 0.1)-2: (0.18005382181587212, 0.8392)
(3, 2, 0.1)-3: (0.18006608146751968, 0.8392)
(3, 2, 0.1)-4: (0.06740888451804905, 0.6384)
(3, 2, 0.2)-0: (0.06894697663738653, 0.5536)
(3, 2, 0.2)-1: (0.06409346551661034, 0.5008)
(3, 2, 0.2)-2: (0.0609714747816516, 0.5936)
(3, 2, 0.2)-3: (0.05797997690492248, 0.608)
(3, 2, 0.2)-4: (0.06283579357430358, 0.6064)
(3, 2, 0.3)-0: (0.07041065776418391, 0.592)
(3, 2, 0.3)-1: (0.06647347914791184, 0.656)
(3, 2, 0.3)-2: (0.06147222086263855, 0.576)
(3, 2, 0.3)-3: (0.0630056247542388, 0.568)
(3, 2, 0.3)-4: (0.05909596677352988, 0.4784)
(3, 2, 0.4)-0: (0.06309856166222462, 0.6272)
(3, 2, 0.4)-1: (0.067008901215271, 0.612)
(3, 2, 0.4)-2: (0.06250188601893389, 0.648)
(3, 2, 0.4)-3: (0.06721818982895934, 0.6464)
(3, 2, 0.4)-4: (0.06624225207846046, 0.6672)
(3, 2, 0.5)-0: (0.06310153408918984, 0.5872)
(3, 2, 0.5)-1: (0.05934641024042146, 0.6104)
(3, 2, 0.5)-2: (0.07389297393175305, 0.6344)
(3, 2, 0.5)-3: (0.07299288409516345, 0.6816)
(3, 2, 0.5)-4: (0.07560027141806179, 0.6312)
(3, 2, 0.6)-0: (0.08527637057431181, 0.6304)
(3, 2, 0.6)-1: (0.07179933108497509, 0.6776)
(3, 2, 0.6)-2: (0.06626085148591752, 0.6808)
(3, 2, 0.6)-3: (0.056900834945854545, 0.6512)
(3, 2, 0.6)-4: (0.05903108104051294, 0.6824)
(3, 2, 0.7)-0: (0.07995822047985919, 0.6168)
(3, 2, 0.7)-1: (0.07618535612570884, 0.6592)
(3, 2, 0.7)-2: (0.07449733569342329, 0.6784)
(3, 2, 0.7)-3: (0.0610233354003323, 0.6384)
(3, 2, 0.7)-4: (0.07792843035600977, 0.6816)
(3, 2, 0.8)-0: (0.07202008026665373, 0.6488)
(3, 2, 0.8)-1: (0.0637862478245889, 0.6648)
(3, 2, 0.8)-2: (0.06710826537156839, 0.7288)
(3, 2, 0.8)-3: (0.07821999617730026, 0.6216)
(3, 2, 0.8)-4: (0.07935592155698028, 0.616)
(3, 3, 0.1)-0: (0.34653748074436896, 0.0096)
(3, 3, 0.1)-1: (0.18245216774803402, 0.8392)
(3, 3, 0.1)-2: (0.3442765921854448, 0.0096)
(3, 3, 0.1)-3: (0.3896097254743595, 0.0096)
(3, 3, 0.1)-4: (0.29248323115180075, 0.1512)
(3, 3, 0.2)-0: (0.0838831824330757, 0.6592)
(3, 3, 0.2)-1: (0.18035726131433696, 0.8392)
(3, 3, 0.2)-2: (0.1883112469555886, 0.8392)
(3, 3, 0.2)-3: (0.1805494110197358, 0.8392)
(3, 3, 0.2)-4: (0.09447519569420738, 0.8392)
(3, 3, 0.3)-0: (0.18006830209523947, 0.8392)
(3, 3, 0.3)-1: (0.06800025321962194, 0.6688)
(3, 3, 0.3)-2: (0.06820233212295446, 0.48)
(3, 3, 0.3)-3: (0.10144786157798837, 0.58)
(3, 3, 0.3)-4: (0.0866875872021109, 0.6472)
(3, 3, 0.4)-0: (0.21103313837727392, 0.8392)
(3, 3, 0.4)-1: (0.18026183286915465, 0.8392)
(3, 3, 0.4)-2: (0.06627771761128068, 0.5872)
(3, 3, 0.4)-3: (0.1802485033840641, 0.8392)
(3, 3, 0.4)-4: (0.1801426458228876, 0.8392)
(3, 3, 0.5)-0: (0.06792816916661035, 0.5728)
(3, 3, 0.5)-1: (0.1903397562246317, 0.8392)
(3, 3, 0.5)-2: (0.07644900694017184, 0.5232)
(3, 3, 0.5)-3: (0.1800544569627296, 0.8392)
(3, 3, 0.5)-4: (0.06248364962975974, 0.604)
(3, 3, 0.6)-0: (0.06664421636866576, 0.6536)
(3, 3, 0.6)-1: (0.06860110231930887, 0.6232)
(3, 3, 0.6)-2: (0.07024618131010651, 0.724)
(3, 3, 0.6)-3: (0.07032022552642336, 0.6856)
(3, 3, 0.6)-4: (0.06338676834632115, 0.6024)
(3, 3, 0.7)-0: (0.06595234827329426, 0.6544)
(3, 3, 0.7)-1: (0.06126709035396895, 0.6104)
(3, 3, 0.7)-2: (0.08574175091333971, 0.5112)
(3, 3, 0.7)-3: (0.0748557624300092, 0.6184)
(3, 3, 0.7)-4: (0.18012593500964305, 0.8392)
(3, 3, 0.8)-0: (0.05548343354768706, 0.7192)
(3, 3, 0.8)-1: (0.07594763463821731, 0.6008)
(3, 3, 0.8)-2: (0.09664434382229688, 0.664)
(3, 3, 0.8)-3: (0.18016387490690508, 0.8392)
(3, 3, 0.8)-4: (0.06701811118447784, 0.6472)
(4, 1, 0.1)-0: (0.06944185173518987, 0.5504)
(4, 1, 0.1)-1: (0.1764635902735919, 0.8392)
(4, 1, 0.1)-2: (0.18006676016110013, 0.8392)
(4, 1, 0.1)-3: (0.09296180278561292, 0.7392)
(4, 1, 0.1)-4: (0.08270483997788851, 0.5336)
(4, 1, 0.2)-0: (0.06086117724487458, 0.548)
(4, 1, 0.2)-1: (0.06312017533520212, 0.5712)
(4, 1, 0.2)-2: (0.05915223801318314, 0.5928)
(4, 1, 0.2)-3: (0.06333097018448837, 0.5664)
(4, 1, 0.2)-4: (0.06684433030956725, 0.5328)
(4, 1, 0.3)-0: (0.07862896009264483, 0.5576)
(4, 1, 0.3)-1: (0.07552907008346667, 0.6208)
(4, 1, 0.3)-2: (0.05743388351941212, 0.6144)
(4, 1, 0.3)-3: (0.06608301420202568, 0.644)
(4, 1, 0.3)-4: (0.060124888620778666, 0.5448)
(4, 1, 0.4)-0: (0.060845225918663426, 0.5744)
(4, 1, 0.4)-1: (0.059351595059989506, 0.5816)
(4, 1, 0.4)-2: (0.0582177303875247, 0.584)
(4, 1, 0.4)-3: (0.05430202994490033, 0.568)
(4, 1, 0.4)-4: (0.05728323986496774, 0.6304)
(4, 1, 0.5)-0: (0.054715358174507435, 0.6328)
(4, 1, 0.5)-1: (0.07517102429052377, 0.58)
(4, 1, 0.5)-2: (0.0553481735505628, 0.576)
(4, 1, 0.5)-3: (0.07102038507710517, 0.6336)
(4, 1, 0.5)-4: (0.056893029149015624, 0.612)
(4, 1, 0.6)-0: (0.06621535412360607, 0.5608)
(4, 1, 0.6)-1: (0.06882785190230248, 0.624)
(4, 1, 0.6)-2: (0.0590380970647862, 0.7024)
(4, 1, 0.6)-3: (0.05703523509571544, 0.628)
(4, 1, 0.6)-4: (0.07288696378469371, 0.6368)
(4, 1, 0.7)-0: (0.06180068844694594, 0.616)
(4, 1, 0.7)-1: (0.05513532297222671, 0.6808)
(4, 1, 0.7)-2: (0.05402167097633893, 0.7008)
(4, 1, 0.7)-3: (0.0673658883150437, 0.6664)
(4, 1, 0.7)-4: (0.07049383392388436, 0.6744)
(4, 1, 0.8)-0: (0.06305197382792477, 0.604)
(4, 1, 0.8)-1: (0.06019603752282057, 0.6568)
(4, 1, 0.8)-2: (0.05738065559922692, 0.6448)
(4, 1, 0.8)-3: (0.07514389140928644, 0.6376)
(4, 1, 0.8)-4: (0.08148944356549179, 0.6784)
(4, 2, 0.1)-0: (0.1828206274948887, 0.8392)
(4, 2, 0.1)-1: (0.1803234715435195, 0.8392)
(4, 2, 0.1)-2: (0.08747730755293083, 0.6216)
(4, 2, 0.1)-3: (0.12908399837512266, 0.8392)
(4, 2, 0.1)-4: (0.18006333940630656, 0.8392)
(4, 2, 0.2)-0: (0.07130507649203112, 0.4688)
(4, 2, 0.2)-1: (0.06182074078268091, 0.5656)
(4, 2, 0.2)-2: (0.0730899539782268, 0.68)
(4, 2, 0.2)-3: (0.07333901030289335, 0.6352)
(4, 2, 0.2)-4: (0.0637655610559206, 0.4648)
(4, 2, 0.3)-0: (0.06875344968066154, 0.58)
(4, 2, 0.3)-1: (0.05492267567594435, 0.588)
(4, 2, 0.3)-2: (0.05727849250185725, 0.5672)
(4, 2, 0.3)-3: (0.05677677810694613, 0.5696)
(4, 2, 0.3)-4: (0.057466592842906894, 0.6376)
(4, 2, 0.4)-0: (0.06175248499064807, 0.596)
(4, 2, 0.4)-1: (0.05382362165134792, 0.5736)
(4, 2, 0.4)-2: (0.07320416280433886, 0.6312)
(4, 2, 0.4)-3: (0.07062520421592824, 0.5552)
(4, 2, 0.4)-4: (0.05787033389933131, 0.5912)
(4, 2, 0.5)-0: (0.06420616887328587, 0.5384)
(4, 2, 0.5)-1: (0.05870789568022806, 0.6064)
(4, 2, 0.5)-2: (0.05150089658785342, 0.596)
(4, 2, 0.5)-3: (0.07455812823120493, 0.6712)
(4, 2, 0.5)-4: (0.061302788807006334, 0.5792)
(4, 2, 0.6)-0: (0.05351084158190733, 0.6344)
(4, 2, 0.6)-1: (0.05883459410542812, 0.6128)
(4, 2, 0.6)-2: (0.05423602420783121, 0.6)
(4, 2, 0.6)-3: (0.05845158837427663, 0.6232)
(4, 2, 0.6)-4: (0.06231427460529477, 0.5872)
(4, 2, 0.7)-0: (0.057534589330180116, 0.6248)
(4, 2, 0.7)-1: (0.07063001158279926, 0.5872)
(4, 2, 0.7)-2: (0.0664002976121152, 0.6616)
(4, 2, 0.7)-3: (0.054938392518049474, 0.6976)
(4, 2, 0.7)-4: (0.06525172183760451, 0.6312)
(4, 2, 0.8)-0: (0.07931082178693764, 0.6448)
(4, 2, 0.8)-1: (0.07066476993899858, 0.5872)
(4, 2, 0.8)-2: (0.07122300851820086, 0.6192)
(4, 2, 0.8)-3: (0.06551898824732959, 0.6776)
(4, 2, 0.8)-4: (0.06714632252327483, 0.6984)
(4, 3, 0.1)-0: (0.20788978440096903, 0.8392)
(4, 3, 0.1)-1: (0.18012872501512708, 0.8392)
(4, 3, 0.1)-2: (0.14276855000768113, 0.8392)
(4, 3, 0.1)-3: (0.262859064374054, 0.0096)
(4, 3, 0.1)-4: (0.3473563261998319, 0.1512)
(4, 3, 0.2)-0: (0.08833046009312541, 0.548)
(4, 3, 0.2)-1: (0.18068429503615804, 0.8392)
(4, 3, 0.2)-2: (0.18076481799908178, 0.8392)
(4, 3, 0.2)-3: (0.10106930282011302, 0.6176)
(4, 3, 0.2)-4: (0.21449260491347963, 0.8392)
(4, 3, 0.3)-0: (0.25164713609866257, 0.1512)
(4, 3, 0.3)-1: (0.05931200858737975, 0.504)
(4, 3, 0.3)-2: (0.18007353938796627, 0.8392)
(4, 3, 0.3)-3: (0.18703887895080323, 0.8392)
(4, 3, 0.3)-4: (0.059566999880583185, 0.6096)
(4, 3, 0.4)-0: (0.1812679365771374, 0.8392)
(4, 3, 0.4)-1: (0.18003522122848659, 0.8392)
(4, 3, 0.4)-2: (0.10437817641797453, 0.8392)
(4, 3, 0.4)-3: (0.18003573073793044, 0.8392)
(4, 3, 0.4)-4: (0.19776068611830452, 0.8392)
(4, 3, 0.5)-0: (0.06121229280074006, 0.5896)
(4, 3, 0.5)-1: (0.18027627493126114, 0.8392)
(4, 3, 0.5)-2: (0.058625852317970205, 0.5568)
(4, 3, 0.5)-3: (0.06299600457533276, 0.5912)
(4, 3, 0.5)-4: (0.1807341606855066, 0.8392)
(4, 3, 0.6)-0: (0.0758389489857519, 0.5232)
(4, 3, 0.6)-1: (0.18007433863491346, 0.8392)
(4, 3, 0.6)-2: (0.08040207673224802, 0.6256)
(4, 3, 0.6)-3: (0.07041048953610723, 0.6128)
(4, 3, 0.6)-4: (0.06219763342313264, 0.6592)
(4, 3, 0.7)-0: (0.06199635960845175, 0.5232)
(4, 3, 0.7)-1: (0.18008301013512967, 0.8392)
(4, 3, 0.7)-2: (0.068154305055102, 0.5696)
(4, 3, 0.7)-3: (0.061473601118688395, 0.6456)
(4, 3, 0.7)-4: (0.06909123691074294, 0.7352)
(4, 3, 0.8)-0: (0.06228646613416449, 0.5952)
(4, 3, 0.8)-1: (0.18003457252325644, 0.8392)
(4, 3, 0.8)-2: (0.11097021738302384, 0.8392)
(4, 3, 0.8)-3: (0.07149376718967132, 0.6712)
(4, 3, 0.8)-4: (0.06115560877685847, 0.6152)
(5, 1, 0.1)-0: (0.07796357799934324, 0.4432)
(5, 1, 0.1)-1: (0.18005026060218257, 0.8392)
(5, 1, 0.1)-2: (0.18007868297553464, 0.8392)
(5, 1, 0.1)-3: (0.08058268952857664, 0.636)
(5, 1, 0.1)-4: (0.06648800321506258, 0.352)
(5, 1, 0.2)-0: (0.0622882102329389, 0.5112)
(5, 1, 0.2)-1: (0.06948359264407745, 0.4896)
(5, 1, 0.2)-2: (0.06995189791674594, 0.536)
(5, 1, 0.2)-3: (0.06962850582920718, 0.6264)
(5, 1, 0.2)-4: (0.06235254333245007, 0.528)
(5, 1, 0.3)-0: (0.06182651343774859, 0.6144)
(5, 1, 0.3)-1: (0.07175018256586715, 0.5872)
(5, 1, 0.3)-2: (0.059043425017049705, 0.5928)
(5, 1, 0.3)-3: (0.06324591775164703, 0.5656)
(5, 1, 0.3)-4: (0.06429175832937167, 0.5392)
(5, 1, 0.4)-0: (0.06490553668902374, 0.6584)
(5, 1, 0.4)-1: (0.060071542169618304, 0.564)
(5, 1, 0.4)-2: (0.060446244944949976, 0.5136)
(5, 1, 0.4)-3: (0.0585557777469739, 0.592)
(5, 1, 0.4)-4: (0.05647917455411107, 0.5736)
(5, 1, 0.5)-0: (0.06124909138322323, 0.6048)
(5, 1, 0.5)-1: (0.05726640694994943, 0.5344)
(5, 1, 0.5)-2: (0.0823582719175873, 0.5416)
(5, 1, 0.5)-3: (0.05733072648345968, 0.5776)
(5, 1, 0.5)-4: (0.0703314404071912, 0.6616)
(5, 1, 0.6)-0: (0.05779099783993533, 0.6352)
(5, 1, 0.6)-1: (0.06543422575385101, 0.64)
(5, 1, 0.6)-2: (0.06387932107800519, 0.58)
(5, 1, 0.6)-3: (0.049726860843839905, 0.5824)
(5, 1, 0.6)-4: (0.07582814079595958, 0.6496)
(5, 1, 0.7)-0: (0.06214410464016434, 0.6176)
(5, 1, 0.7)-1: (0.05400341852578445, 0.5776)
(5, 1, 0.7)-2: (0.07519699312623332, 0.6992)
(5, 1, 0.7)-3: (0.06557966208083704, 0.5992)
(5, 1, 0.7)-4: (0.059408887408228306, 0.6416)
(5, 1, 0.8)-0: (0.062396486723684995, 0.584)
(5, 1, 0.8)-1: (0.05726037417298847, 0.6616)
(5, 1, 0.8)-2: (0.052115917253398536, 0.5768)
(5, 1, 0.8)-3: (0.05228756216568277, 0.5984)
(5, 1, 0.8)-4: (0.06093634607713241, 0.6544)
(5, 2, 0.1)-0: (0.08355193833516279, 0.4504)
(5, 2, 0.1)-1: (0.07586492251047781, 0.4528)
(5, 2, 0.1)-2: (0.13427755282030465, 0.8392)
(5, 2, 0.1)-3: (0.18004568588366868, 0.8392)
(5, 2, 0.1)-4: (0.1800321996778252, 0.8392)
(5, 2, 0.2)-0: (0.07729994116524604, 0.4144)
(5, 2, 0.2)-1: (0.0669056255382384, 0.4792)
(5, 2, 0.2)-2: (0.18006579634231468, 0.8392)
(5, 2, 0.2)-3: (0.07321266143326464, 0.7368)
(5, 2, 0.2)-4: (0.058521879640416, 0.4904)
(5, 2, 0.3)-0: (0.05889425354065455, 0.5208)
(5, 2, 0.3)-1: (0.06236057325591555, 0.5232)
(5, 2, 0.3)-2: (0.05100014778374646, 0.604)
(5, 2, 0.3)-3: (0.18005914190437763, 0.8392)
(5, 2, 0.3)-4: (0.06424337740175448, 0.592)
(5, 2, 0.4)-0: (0.055368108259103335, 0.572)
(5, 2, 0.4)-1: (0.057339284202630576, 0.5216)
(5, 2, 0.4)-2: (0.05895141021478588, 0.5568)
(5, 2, 0.4)-3: (0.06026061848099655, 0.5712)
(5, 2, 0.4)-4: (0.15238248232364918, 0.8392)
(5, 2, 0.5)-0: (0.06293208627582851, 0.6048)
(5, 2, 0.5)-1: (0.051723121708615136, 0.5944)
(5, 2, 0.5)-2: (0.05556846964134486, 0.5776)
(5, 2, 0.5)-3: (0.06082217372682808, 0.492)
(5, 2, 0.5)-4: (0.062002713147614213, 0.5736)
(5, 2, 0.6)-0: (0.07611062823332966, 0.6256)
(5, 2, 0.6)-1: (0.05524307444079823, 0.6344)
(5, 2, 0.6)-2: (0.055510836346830544, 0.6488)
(5, 2, 0.6)-3: (0.07287391048824823, 0.6312)
(5, 2, 0.6)-4: (0.06785578392189506, 0.5968)
(5, 2, 0.7)-0: (0.07207175847077145, 0.5304)
(5, 2, 0.7)-1: (0.0635115803632924, 0.6312)
(5, 2, 0.7)-2: (0.06740906788333105, 0.7208)
(5, 2, 0.7)-3: (0.06752584852062271, 0.6208)
(5, 2, 0.7)-4: (0.054165091421308924, 0.5824)
(5, 2, 0.8)-0: (0.07512226637946899, 0.644)
(5, 2, 0.8)-1: (0.05302073505325092, 0.6336)
(5, 2, 0.8)-2: (0.06136360652670786, 0.6608)
(5, 2, 0.8)-3: (0.05606320751748102, 0.6216)
(5, 2, 0.8)-4: (0.07356512976401625, 0.7048)
(5, 3, 0.1)-0: (0.18006166898571999, 0.8392)
(5, 3, 0.1)-1: (0.18171918862309527, 0.8392)
(5, 3, 0.1)-2: (0.6217264443632157, 0.1512)
(5, 3, 0.1)-3: (0.18033790896267132, 0.8392)
(5, 3, 0.1)-4: (0.1802961462992219, 0.8392)
(5, 3, 0.2)-0: (0.09395023875917317, 0.8392)
(5, 3, 0.2)-1: (0.30052706177609495, 0.1512)
(5, 3, 0.2)-2: (0.2273677337975026, 0.8392)
(5, 3, 0.2)-3: (0.20656132554081164, 0.8392)
(5, 3, 0.2)-4: (0.18198703217709017, 0.8392)
(5, 3, 0.3)-0: (0.08153482087312286, 0.7768)
(5, 3, 0.3)-1: (0.07084341492006459, 0.5248)
(5, 3, 0.3)-2: (0.2595231919027835, 0.1512)
(5, 3, 0.3)-3: (0.18003330493242134, 0.8392)
(5, 3, 0.3)-4: (0.18020634464262522, 0.8392)
(5, 3, 0.4)-0: (0.06795689336743575, 0.716)
(5, 3, 0.4)-1: (0.07463193843385005, 0.6632)
(5, 3, 0.4)-2: (0.07661741747193769, 0.4008)
(5, 3, 0.4)-3: (0.07483859284972676, 0.6144)
(5, 3, 0.4)-4: (0.10843801280275041, 0.8392)
(5, 3, 0.5)-0: (0.06298389118656242, 0.5392)
(5, 3, 0.5)-1: (0.18004921966865503, 0.8392)
(5, 3, 0.5)-2: (0.18020479005860504, 0.8392)
(5, 3, 0.5)-3: (0.061955639209779215, 0.5928)
(5, 3, 0.5)-4: (0.18008652288692167, 0.8392)
(5, 3, 0.6)-0: (0.18034726110582758, 0.8392)
(5, 3, 0.6)-1: (0.18010010963795903, 0.8392)
(5, 3, 0.6)-2: (0.1800509924551642, 0.8392)
(5, 3, 0.6)-3: (0.05905219906456783, 0.5032)
(5, 3, 0.6)-4: (0.06224959478355346, 0.6128)
(5, 3, 0.7)-0: (0.06399878514669775, 0.6576)
(5, 3, 0.7)-1: (0.07246004952211436, 0.6632)
(5, 3, 0.7)-2: (0.1800354416266921, 0.8392)
(5, 3, 0.7)-3: (0.06763878704906498, 0.6544)
(5, 3, 0.7)-4: (0.1807399272021792, 0.8392)
(5, 3, 0.8)-0: (0.06319758298318867, 0.5192)
(5, 3, 0.8)-1: (0.08738656524796135, 0.6024)
(5, 3, 0.8)-2: (0.04955200439315959, 0.6056)
(5, 3, 0.8)-3: (0.05926772654288761, 0.6656)
(5, 3, 0.8)-4: (0.06744988128611878, 0.688)
