(3, 1, 0.1)-0: (0.1800477032125627, 0.8392)
(3, 1, 0.1)-1: (0.06750727419385597, 0.5952)
(3, 1, 0.1)-2: (0.07892289833686082, 0.7184)
(3, 1, 0.1)-3: (0.06376560786684299, 0.5952)
(3, 1, 0.1)-4: (0.05275669055484945, 0.58)
(3, 2, 0.1)-0: (0.07800567562964304, 0.7352)
(3, 2, 0.1)-1: (0.07934361053939545, 0.7472)
(3, 2, 0.1)-2: (0.09660259970326701, 0.704)
(3, 2, 0.1)-3: (0.18005874476436123, 0.8392)
(3, 2, 0.1)-4: (0.061073823057356216, 0.528)
(3, 3, 0.1)-0: (0.5465744389365395, 0.1512)
(3, 3, 0.1)-1: (0.18430438313922756, 0.8392)
(3, 3, 0.1)-2: (0.27358648237316524, 0.0096)
(3, 3, 0.1)-3: (0.23875990967569513, 0.8392)
(3, 3, 0.1)-4: (0.241236366527473, 0.8392)
(4, 1, 0.1)-0: (0.057738174770912795, 0.5648)
(4, 1, 0.1)-1: (0.06281259610828206, 0.5872)
(4, 1, 0.1)-2: (0.06379832859728321, 0.512)
(4, 1, 0.1)-3: (0.07676314182073497, 0.4208)
(4, 1, 0.1)-4: (0.10472018059244592, 0.7896)
(4, 2, 0.1)-0: (0.08646981568015458, 0.6968)
(4, 2, 0.1)-1: (0.18855735816695007, 0.8392)
(4, 2, 0.1)-2: (0.18118233700696007, 0.8392)
(4, 2, 0.1)-3: (0.06728529035325082, 0.5208)
(4, 2, 0.1)-4: (0.06392857054574197, 0.4464)
(4, 3, 0.1)-0: (0.22230656241845376, 0.8392)
(4, 3, 0.1)-1: (0.3041870908640645, 0.1512)
(4, 3, 0.1)-2: (0.18014563922403634, 0.8392)
(4, 3, 0.1)-3: (0.35854919413424896, 0.1512)
(4, 3, 0.1)-4: (0.18003338205687022, 0.8392)
(5, 1, 0.1)-0: (0.07591579824822625, 0.5336)
(5, 1, 0.1)-1: (0.059717243661346335, 0.5512)
(5, 1, 0.1)-2: (0.06669039117748925, 0.4976)
(5, 1, 0.1)-3: (0.06799150160159885, 0.484)
(5, 1, 0.1)-4: (0.18145234819577288, 0.8392)
(5, 2, 0.1)-0: (0.12717339135143324, 0.8392)
(5, 2, 0.1)-1: (0.18005494938512162, 0.8392)
(5, 2, 0.1)-2: (0.1800327150009002, 0.8392)
(5, 2, 0.1)-3: (0.08223213815075774, 0.748)
(5, 2, 0.1)-4: (0.08272032572445596, 0.8392)
(5, 3, 0.1)-0: (0.32792886600168847, 0.1512)
(5, 3, 0.1)-1: (0.1834048491991757, 0.8392)
(5, 3, 0.1)-2: (0.18020814453410008, 0.8392)
(5, 3, 0.1)-3: (0.36458393226459956, 0.1512)
(5, 3, 0.1)-4: (0.621699961307761, 0.1512)
