(3, 1, 0.1)-0: (0.06325534497934825, 0.5584)
(3, 1, 0.1)-1: (0.0572720653587661, 0.5992)
(3, 1, 0.1)-2: (0.0620193533685616, 0.5752)
(3, 1, 0.1)-3: (0.055002658758222786, 0.552)
(3, 1, 0.1)-4: (0.05761301592782843, 0.56)
(3, 1, 0.2)-0: (0.05114313761854688, 0.5552)
(3, 1, 0.2)-1: (0.05127087697328931, 0.604)
(3, 1, 0.2)-2: (0.05584083201269167, 0.6392)
(3, 1, 0.2)-3: (0.05407177611353793, 0.6064)
(3, 1, 0.2)-4: (0.05115584660166999, 0.5776)
(3, 1, 0.3)-0: (0.05005068913302929, 0.6208)
(3, 1, 0.3)-1: (0.0502319259750985, 0.5992)
(3, 1, 0.3)-2: (0.05039078640154154, 0.5928)
(3, 1, 0.3)-3: (0.05266741902793061, 0.6216)
(3, 1, 0.3)-4: (0.05444705479531001, 0.616)
(3, 1, 0.4)-0: (0.052466034647128984, 0.6608)
(3, 1, 0.4)-1: (0.05133010038764188, 0.62)
(3, 1, 0.4)-2: (0.050933887047581686, 0.6336)
(3, 1, 0.4)-3: (0.04981064651113298, 0.6344)
(3, 1, 0.4)-4: (0.06049891488694508, 0.6544)
(3, 1, 0.5)-0: (0.05028031636936123, 0.672)
(3, 1, 0.5)-1: (0.05501061358040414, 0.6416)
(3, 1, 0.5)-2: (0.06587045760290111, 0.588)
(3, 1, 0.5)-3: (0.053631608155235586, 0.6152)
(3, 1, 0.5)-4: (0.05017018854927934, 0.5952)
(3, 2, 0.1)-0: (0.18020248769760905, 0.8392)
(3, 2, 0.1)-1: (0.10065683354983482, 0.6928)
(3, 2, 0.1)-2: (0.18090617662928238, 0.8392)
(3, 2, 0.1)-3: (0.08957462452094984, 0.7096)
(3, 2, 0.1)-4: (0.09427116047044486, 0.7208)
(3, 2, 0.2)-0: (0.05515719624659576, 0.5736)
(3, 2, 0.2)-1: (0.05605133298407051, 0.5632)
(3, 2, 0.2)-2: (0.0538028570896179, 0.5632)
(3, 2, 0.2)-3: (0.05698625719136019, 0.5464)
(3, 2, 0.2)-4: (0.059965257023721116, 0.5696)
(3, 2, 0.3)-0: (0.04860490298489538, 0.616)
(3, 2, 0.3)-1: (0.04982280871077888, 0.604)
(3, 2, 0.3)-2: (0.05021537455848469, 0.5776)
(3, 2, 0.3)-3: (0.0498972329183723, 0.5936)
(3, 2, 0.3)-4: (0.05089015546875724, 0.5984)
(3, 2, 0.4)-0: (0.052453917895120265, 0.632)
(3, 2, 0.4)-1: (0.050333869807357864, 0.6376)
(3, 2, 0.4)-2: (0.047734758335267455, 0.6424)
(3, 2, 0.4)-3: (0.05365295837306156, 0.6088)
(3, 2, 0.4)-4: (0.050863233504109644, 0.5848)
(3, 2, 0.5)-0: (0.060968306330750024, 0.6504)
(3, 2, 0.5)-1: (0.05967624702062674, 0.6192)
(3, 2, 0.5)-2: (0.05054725955581559, 0.6464)
(3, 2, 0.5)-3: (0.053846149098398986, 0.6448)
(3, 2, 0.5)-4: (0.04636334911465701, 0.6064)
(3, 3, 0.1)-0: (0.31400107902658503, 0.1512)
(3, 3, 0.1)-1: (0.1854263788860004, 0.8392)
(3, 3, 0.1)-2: (0.11805190696632789, 0.8392)
(3, 3, 0.1)-3: (0.18021441680602104, 0.8392)
(3, 3, 0.1)-4: (0.1852042764757079, 0.8392)
(3, 3, 0.2)-0: (0.18004952697054366, 0.8392)
(3, 3, 0.2)-1: (0.27518692155034286, 0.0096)
(3, 3, 0.2)-2: (0.2894150870345741, 0.1512)
(3, 3, 0.2)-3: (0.18606707030774208, 0.8392)
(3, 3, 0.2)-4: (0.11775011727049457, 0.8392)
(3, 3, 0.3)-0: (0.18021672125842284, 0.8392)
(3, 3, 0.3)-1: (0.22009504440086167, 0.8392)
(3, 3, 0.3)-2: (0.2190078764723237, 0.8392)
(3, 3, 0.3)-3: (0.06022302484913325, 0.5888)
(3, 3, 0.3)-4: (0.1858989735751477, 0.8392)
(3, 3, 0.4)-0: (0.054585417688593305, 0.6104)
(3, 3, 0.4)-1: (0.18004891078505042, 0.8392)
(3, 3, 0.4)-2: (0.05066553066596466, 0.564)
(3, 3, 0.4)-3: (0.05227837959114363, 0.5952)
(3, 3, 0.4)-4: (0.1807113498062786, 0.8392)
(3, 3, 0.5)-0: (0.053905429152179454, 0.6528)
(3, 3, 0.5)-1: (0.18005625342451587, 0.8392)
(3, 3, 0.5)-2: (0.04739695547257837, 0.6144)
(3, 3, 0.5)-3: (0.18010648464608867, 0.8392)
(3, 3, 0.5)-4: (0.18006771642839076, 0.8392)
(4, 1, 0.1)-0: (0.15818441072012487, 0.8392)
(4, 1, 0.1)-1: (0.07098666190222983, 0.54)
(4, 1, 0.1)-2: (0.07058030773331816, 0.5096)
(4, 1, 0.1)-3: (0.18005720711532716, 0.8392)
(4, 1, 0.1)-4: (0.05697133758873417, 0.568)
(4, 1, 0.2)-0: (0.05139178594958195, 0.5656)
(4, 1, 0.2)-1: (0.047856206828790604, 0.5896)
(4, 1, 0.2)-2: (0.05519887831677544, 0.6128)
(4, 1, 0.2)-3: (0.05176176048280172, 0.5768)
(4, 1, 0.2)-4: (0.050269207410023206, 0.5712)
(4, 1, 0.3)-0: (0.048548140533779295, 0.6088)
(4, 1, 0.3)-1: (0.04725005503748095, 0.552)
(4, 1, 0.3)-2: (0.05010084388050949, 0.5432)
(4, 1, 0.3)-3: (0.05211657510524222, 0.5912)
(4, 1, 0.3)-4: (0.0493569139176587, 0.5896)
(4, 1, 0.4)-0: (0.048845375607620506, 0.6176)
(4, 1, 0.4)-1: (0.049323524694291306, 0.6312)
(4, 1, 0.4)-2: (0.05273012546531129, 0.588)
(4, 1, 0.4)-3: (0.04787966710415288, 0.6248)
(4, 1, 0.4)-4: (0.05009589129252738, 0.552)
(4, 1, 0.5)-0: (0.04521227102585321, 0.6232)
(4, 1, 0.5)-1: (0.048574350536515896, 0.6144)
(4, 1, 0.5)-2: (0.0468070145903602, 0.636)
(4, 1, 0.5)-3: (0.04694009534410909, 0.6104)
(4, 1, 0.5)-4: (0.043186377842326706, 0.6448)
(4, 2, 0.1)-0: (0.08208341516035833, 0.7664)
(4, 2, 0.1)-1: (0.06729777097832394, 0.5552)
(4, 2, 0.1)-2: (0.08088395565727295, 0.6824)
(4, 2, 0.1)-3: (0.08187863605474387, 0.5848)
(4, 2, 0.1)-4: (0.18225535090961262, 0.8392)
(4, 2, 0.2)-0: (0.05411126466382269, 0.5896)
(4, 2, 0.2)-1: (0.05070171137622335, 0.5544)
(4, 2, 0.2)-2: (0.051203057562945534, 0.584)
(4, 2, 0.2)-3: (0.054710843452499935, 0.5128)
(4, 2, 0.2)-4: (0.07735337399788368, 0.744)
(4, 2, 0.3)-0: (0.049174925160095154, 0.5504)
(4, 2, 0.3)-1: (0.04963534104648707, 0.5536)
(4, 2, 0.3)-2: (0.05084057821715519, 0.552)
(4, 2, 0.3)-3: (0.0505153405693679, 0.5792)
(4, 2, 0.3)-4: (0.048243910915688804, 0.5616)
(4, 2, 0.4)-0: (0.04504976029691804, 0.5848)
(4, 2, 0.4)-1: (0.0526819900983588, 0.632)
(4, 2, 0.4)-2: (0.05068594166235674, 0.5904)
(4, 2, 0.4)-3: (0.051510754063192166, 0.6184)
(4, 2, 0.4)-4: (0.04696150467944748, 0.6176)
(4, 2, 0.5)-0: (0.050730808714411636, 0.6128)
(4, 2, 0.5)-1: (0.04940453826701563, 0.656)
(4, 2, 0.5)-2: (0.04852377506621829, 0.6472)
(4, 2, 0.5)-3: (0.04671955934020799, 0.5816)
(4, 2, 0.5)-4: (0.049435799748176926, 0.5984)
(4, 3, 0.1)-0: (0.1260182688785362, 0.7336)
(4, 3, 0.1)-1: (0.20788450380139278, 0.8392)
(4, 3, 0.1)-2: (0.5281322914201044, 0.1512)
(4, 3, 0.1)-3: (0.18417236882792845, 0.8392)
(4, 3, 0.1)-4: (0.18005814544954044, 0.8392)
(4, 3, 0.2)-0: (0.2616647481267364, 0.0096)
(4, 3, 0.2)-1: (0.06852553788721068, 0.7256)
(4, 3, 0.2)-2: (0.18123236324602862, 0.8392)
(4, 3, 0.2)-3: (0.18006285046638457, 0.8392)
(4, 3, 0.2)-4: (0.18015762057164317, 0.8392)
(4, 3, 0.3)-0: (0.05174100399266091, 0.5664)
(4, 3, 0.3)-1: (0.19840103229505437, 0.8392)
(4, 3, 0.3)-2: (0.1800838176213169, 0.8392)
(4, 3, 0.3)-3: (0.08591076064108008, 0.8392)
(4, 3, 0.3)-4: (0.0682452449324843, 0.7)
(4, 3, 0.4)-0: (0.2011806243074332, 0.8392)
(4, 3, 0.4)-1: (0.1800524411019333, 0.8392)
(4, 3, 0.4)-2: (0.18006918215262846, 0.8392)
(4, 3, 0.4)-3: (0.05611875235464074, 0.5656)
(4, 3, 0.4)-4: (0.04722375931668377, 0.5872)
(4, 3, 0.5)-0: (0.18882025131505306, 0.8392)
(4, 3, 0.5)-1: (0.06161502736397979, 0.5272)
(4, 3, 0.5)-2: (0.18010663180466507, 0.8392)
(4, 3, 0.5)-3: (0.056031104162706936, 0.6064)
(4, 3, 0.5)-4: (0.1801603875201345, 0.8392)
(5, 1, 0.1)-0: (0.18153081903837368, 0.8392)
(5, 1, 0.1)-1: (0.18005572965001462, 0.8392)
(5, 1, 0.1)-2: (0.07123237292270825, 0.524)
(5, 1, 0.1)-3: (0.18003308703241075, 0.8392)
(5, 1, 0.1)-4: (0.06341803802347369, 0.5696)
(5, 1, 0.2)-0: (0.05617839333323244, 0.592)
(5, 1, 0.2)-1: (0.05201543425887014, 0.5672)
(5, 1, 0.2)-2: (0.05533313738674235, 0.5848)
(5, 1, 0.2)-3: (0.06185549733578132, 0.4656)
(5, 1, 0.2)-4: (0.05563436053769828, 0.5392)
(5, 1, 0.3)-0: (0.05162881097642603, 0.564)
(5, 1, 0.3)-1: (0.04574196666179006, 0.5992)
(5, 1, 0.3)-2: (0.048586109881272065, 0.6144)
(5, 1, 0.3)-3: (0.05314807923068113, 0.5848)
(5, 1, 0.3)-4: (0.05048144018107096, 0.5744)
(5, 1, 0.4)-0: (0.04956428183655196, 0.616)
(5, 1, 0.4)-1: (0.04763966732790745, 0.5656)
(5, 1, 0.4)-2: (0.05160501202312526, 0.62)
(5, 1, 0.4)-3: (0.051579106272150343, 0.6296)
(5, 1, 0.4)-4: (0.04625406800724559, 0.616)
(5, 1, 0.5)-0: (0.04766205119146974, 0.608)
(5, 1, 0.5)-1: (0.043556163015338115, 0.6696)
(5, 1, 0.5)-2: (0.048941314078931354, 0.6152)
(5, 1, 0.5)-3: (0.04760574188887348, 0.5688)
(5, 1, 0.5)-4: (0.050174504640838946, 0.6528)
(5, 2, 0.1)-0: (0.18411497070334634, 0.8392)
(5, 2, 0.1)-1: (0.14892229710509428, 0.8392)
(5, 2, 0.1)-2: (0.1800634558752898, 0.8392)
(5, 2, 0.1)-3: (0.13308420553828146, 0.8392)
(5, 2, 0.1)-4: (0.18347448117798634, 0.8392)
(5, 2, 0.2)-0: (0.18122992764457369, 0.8392)
(5, 2, 0.2)-1: (0.18006061380924313, 0.8392)
(5, 2, 0.2)-2: (0.054368655914633884, 0.6016)
(5, 2, 0.2)-3: (0.055590487830384505, 0.5384)
(5, 2, 0.2)-4: (0.07899223760320977, 0.7128)
(5, 2, 0.3)-0: (0.04846091174292951, 0.6544)
(5, 2, 0.3)-1: (0.049278509347753296, 0.5776)
(5, 2, 0.3)-2: (0.061838435270332004, 0.5776)
(5, 2, 0.3)-3: (0.04827349771645393, 0.608)
(5, 2, 0.3)-4: (0.05063973478244684, 0.5504)
(5, 2, 0.4)-0: (0.048525843711517844, 0.6)
(5, 2, 0.4)-1: (0.04560020613833242, 0.6088)
(5, 2, 0.4)-2: (0.04348041810728491, 0.5816)
(5, 2, 0.4)-3: (0.048360146873837315, 0.5704)
(5, 2, 0.4)-4: (0.04645187852806316, 0.5712)
(5, 2, 0.5)-0: (0.04628187295076827, 0.6024)
(5, 2, 0.5)-1: (0.04772077508395323, 0.5648)
(5, 2, 0.5)-2: (0.049320998030999506, 0.6144)
(5, 2, 0.5)-3: (0.046275619258556264, 0.604)
(5, 2, 0.5)-4: (0.04786135617104221, 0.6312)
(5, 3, 0.1)-0: (0.21789539881062547, 0.8392)
(5, 3, 0.1)-1: (0.31534008477628583, 0.0096)
(5, 3, 0.1)-2: (0.30126467992085115, 0.1512)
(5, 3, 0.1)-3: (0.18157249977843934, 0.8392)
(5, 3, 0.1)-4: (0.19024991000996966, 0.8392)
(5, 3, 0.2)-0: (0.06098884684906621, 0.46)
(5, 3, 0.2)-1: (0.18515025195256568, 0.8392)
(5, 3, 0.2)-2: (0.07519508450661175, 0.6464)
(5, 3, 0.2)-3: (0.18489252221293795, 0.8392)
(5, 3, 0.2)-4: (0.18004819024824498, 0.8392)
(5, 3, 0.3)-0: (0.20479676985316628, 0.8392)
(5, 3, 0.3)-1: (0.1800334048353073, 0.8392)
(5, 3, 0.3)-2: (0.21695934781673618, 0.8392)
(5, 3, 0.3)-3: (0.1801374097534656, 0.8392)
(5, 3, 0.3)-4: (0.18402060498638853, 0.8392)
(5, 3, 0.4)-0: (0.05160452873005787, 0.5248)
(5, 3, 0.4)-1: (0.18003225618693713, 0.8392)
(5, 3, 0.4)-2: (0.05545692013247212, 0.5928)
(5, 3, 0.4)-3: (0.18022006615878822, 0.8392)
(5, 3, 0.4)-4: (0.18455619979863935, 0.8392)
(5, 3, 0.5)-0: (0.1800359431925635, 0.8392)
(5, 3, 0.5)-1: (0.18003296690722653, 0.8392)
(5, 3, 0.5)-2: (0.07537058548246364, 0.6904)
(5, 3, 0.5)-3: (0.1800322152993851, 0.8392)
(5, 3, 0.5)-4: (0.1800659708873409, 0.8392)
