(3, 1, 0.1)-0: (0.06104951258352045, 0.6208)
(3, 1, 0.1)-1: (0.06194894358145844, 0.6064)
(3, 1, 0.1)-2: (0.05581480030276925, 0.6408)
(3, 1, 0.1)-3: (0.056850196009482726, 0.6344)
(3, 1, 0.1)-4: (0.06573750506810651, 0.5704)
(3, 1, 0.2)-0: (0.0655189423683935, 0.6456)
(3, 1, 0.2)-1: (0.06613718758053287, 0.6552)
(3, 1, 0.2)-2: (0.07668444461478317, 0.6568)
(3, 1, 0.2)-3: (0.0617549852232532, 0.6272)
(3, 1, 0.2)-4: (0.07168147534350026, 0.6656)
(3, 1, 0.3)-0: (0.07095966976490693, 0.6832)
(3, 1, 0.3)-1: (0.0615705288486084, 0.6728)
(3, 1, 0.3)-2: (0.06424340212512974, 0.7072)
(3, 1, 0.3)-3: (0.07301690415112494, 0.7032)
(3, 1, 0.3)-4: (0.11783533344852586, 0.6416)
(3, 1, 0.4)-0: (0.06630783082361857, 0.6888)
(3, 1, 0.4)-1: (0.0851866926638048, 0.6696)
(3, 1, 0.4)-2: (0.07176972835984448, 0.6648)
(3, 1, 0.4)-3: (0.08849601341167754, 0.6488)
(3, 1, 0.4)-4: (0.07279925440181402, 0.7024)
(3, 1, 0.5)-0: (0.08657603077180635, 0.728)
(3, 1, 0.5)-1: (0.08237687253688072, 0.7088)
(3, 1, 0.5)-2: (0.06822578166393173, 0.692)
(3, 1, 0.5)-3: (0.08224388369732386, 0.6744)
(3, 1, 0.5)-4: (0.07069258453432513, 0.712)
(3, 2, 0.1)-0: (0.06316132859290503, 0.4688)
(3, 2, 0.1)-1: (0.057664125060452605, 0.5784)
(3, 2, 0.1)-2: (0.06099965642674665, 0.5552)
(3, 2, 0.1)-3: (0.1800425868717386, 0.8392)
(3, 2, 0.1)-4: (0.06271896808084025, 0.6168)
(3, 2, 0.2)-0: (0.061384807299353646, 0.6456)
(3, 2, 0.2)-1: (0.06677337734340306, 0.6392)
(3, 2, 0.2)-2: (0.05736660175204878, 0.5688)
(3, 2, 0.2)-3: (0.07564148852809911, 0.5608)
(3, 2, 0.2)-4: (0.05052028442114356, 0.6824)
(3, 2, 0.3)-0: (0.06003213221602805, 0.6312)
(3, 2, 0.3)-1: (0.0583990656615843, 0.6672)
(3, 2, 0.3)-2: (0.05874263979044314, 0.6912)
(3, 2, 0.3)-3: (0.065366710451973, 0.6464)
(3, 2, 0.3)-4: (0.06193668212043101, 0.632)
(3, 2, 0.4)-0: (0.054418265010782056, 0.676)
(3, 2, 0.4)-1: (0.07823573816870981, 0.6792)
(3, 2, 0.4)-2: (0.0732704343055335, 0.6856)
(3, 2, 0.4)-3: (0.06807596378902882, 0.708)
(3, 2, 0.4)-4: (0.0700637128514286, 0.6672)
(3, 2, 0.5)-0: (0.05661964234022887, 0.6888)
(3, 2, 0.5)-1: (0.07414569062402465, 0.6616)
(3, 2, 0.5)-2: (0.07714142077424206, 0.7032)
(3, 2, 0.5)-3: (0.10744500580359642, 0.7184)
(3, 2, 0.5)-4: (0.07914078655191328, 0.7248)
(3, 3, 0.1)-0: (0.10687076537944504, 0.7368)
(3, 3, 0.1)-1: (0.09934804070865377, 0.7112)
(3, 3, 0.1)-2: (0.3590774392361404, 0.0096)
(3, 3, 0.1)-3: (0.1832342100922186, 0.8392)
(3, 3, 0.1)-4: (0.06484465443558003, 0.5784)
(3, 3, 0.2)-0: (0.1801625640774597, 0.8392)
(3, 3, 0.2)-1: (0.05199919920557072, 0.628)
(3, 3, 0.2)-2: (0.1985686231308993, 0.8392)
(3, 3, 0.2)-3: (0.1817684615654628, 0.8392)
(3, 3, 0.2)-4: (0.22363405483635598, 0.8392)
(3, 3, 0.3)-0: (0.05419732002651594, 0.6608)
(3, 3, 0.3)-1: (0.06300017201705062, 0.648)
(3, 3, 0.3)-2: (0.059033434462233775, 0.616)
(3, 3, 0.3)-3: (0.051414259478277664, 0.6016)
(3, 3, 0.3)-4: (0.06582294058098838, 0.608)
(3, 3, 0.4)-0: (0.0666558168973361, 0.6248)
(3, 3, 0.4)-1: (0.06198056610158784, 0.6736)
(3, 3, 0.4)-2: (0.0649688006521065, 0.6272)
(3, 3, 0.4)-3: (0.09773581515917475, 0.6712)
(3, 3, 0.4)-4: (0.05981884246446309, 0.6776)
(3, 3, 0.5)-0: (0.08359435946166514, 0.6552)
(3, 3, 0.5)-1: (0.060361278165861856, 0.6264)
(3, 3, 0.5)-2: (0.06007267362359114, 0.6368)
(3, 3, 0.5)-3: (0.06647025953205554, 0.6944)
(3, 3, 0.5)-4: (0.07805242552146911, 0.6648)
(4, 1, 0.1)-0: (0.06634649359848165, 0.5992)
(4, 1, 0.1)-1: (0.06685220219987693, 0.5592)
(4, 1, 0.1)-2: (0.05764021303873927, 0.596)
(4, 1, 0.1)-3: (0.07033784011333213, 0.5768)
(4, 1, 0.1)-4: (0.06610424404098042, 0.6208)
(4, 1, 0.2)-0: (0.06497759569303267, 0.656)
(4, 1, 0.2)-1: (0.059048935289522105, 0.6424)
(4, 1, 0.2)-2: (0.05529731039938315, 0.6408)
(4, 1, 0.2)-3: (0.05256261167717271, 0.5768)
(4, 1, 0.2)-4: (0.07039214240198914, 0.6992)
(4, 1, 0.3)-0: (0.06477623534652707, 0.6296)
(4, 1, 0.3)-1: (0.06078759420136711, 0.5944)
(4, 1, 0.3)-2: (0.06088058183677437, 0.732)
(4, 1, 0.3)-3: (0.0602837835742837, 0.6552)
(4, 1, 0.3)-4: (0.060050815913508686, 0.6)
(4, 1, 0.4)-0: (0.05754415760223681, 0.6168)
(4, 1, 0.4)-1: (0.05435212528759636, 0.6584)
(4, 1, 0.4)-2: (0.05698721406042125, 0.6392)
(4, 1, 0.4)-3: (0.06977994183592665, 0.628)
(4, 1, 0.4)-4: (0.05833365191598367, 0.6848)
(4, 1, 0.5)-0: (0.06376934342804123, 0.672)
(4, 1, 0.5)-1: (0.08007341597469432, 0.7312)
(4, 1, 0.5)-2: (0.06313399399752109, 0.6976)
(4, 1, 0.5)-3: (0.09070106171105069, 0.716)
(4, 1, 0.5)-4: (0.07346952587730371, 0.6936)
(4, 2, 0.1)-0: (0.05824438539222563, 0.5304)
(4, 2, 0.1)-1: (0.057711977385834154, 0.5936)
(4, 2, 0.1)-2: (0.06777263063801713, 0.5136)
(4, 2, 0.1)-3: (0.061118419454479087, 0.5376)
(4, 2, 0.1)-4: (0.06513583668568354, 0.5776)
(4, 2, 0.2)-0: (0.051771600594310754, 0.5928)
(4, 2, 0.2)-1: (0.05542509530087103, 0.6008)
(4, 2, 0.2)-2: (0.04566936799747059, 0.6312)
(4, 2, 0.2)-3: (0.05939822043533639, 0.6056)
(4, 2, 0.2)-4: (0.06030872731982287, 0.5592)
(4, 2, 0.3)-0: (0.05980146731618778, 0.56)
(4, 2, 0.3)-1: (0.05580608346709355, 0.6352)
(4, 2, 0.3)-2: (0.06273506535794603, 0.568)
(4, 2, 0.3)-3: (0.07067830019624396, 0.684)
(4, 2, 0.3)-4: (0.05560441451215568, 0.676)
(4, 2, 0.4)-0: (0.060733032570090106, 0.6304)
(4, 2, 0.4)-1: (0.06062644193867009, 0.5968)
(4, 2, 0.4)-2: (0.0773490968107871, 0.66)
(4, 2, 0.4)-3: (0.051140748426644206, 0.6856)
(4, 2, 0.4)-4: (0.06019296710076685, 0.6496)
(4, 2, 0.5)-0: (0.06318983639745836, 0.7056)
(4, 2, 0.5)-1: (0.08122818380198356, 0.6008)
(4, 2, 0.5)-2: (0.06778521415582858, 0.7128)
(4, 2, 0.5)-3: (0.0642189729109703, 0.6688)
(4, 2, 0.5)-4: (0.077578615885213, 0.6776)
(4, 3, 0.1)-0: (0.29940883234067844, 0.1512)
(4, 3, 0.1)-1: (0.43567607069007563, 0.0096)
(4, 3, 0.1)-2: (0.20679238856488777, 0.8392)
(4, 3, 0.1)-3: (0.6291940557413731, 0.1512)
(4, 3, 0.1)-4: (0.5826755154854925, 0.1512)
(4, 3, 0.2)-0: (0.0570312761429464, 0.5752)
(4, 3, 0.2)-1: (0.18298310901142817, 0.8392)
(4, 3, 0.2)-2: (0.05717156802881706, 0.5912)
(4, 3, 0.2)-3: (0.18007889614320147, 0.8392)
(4, 3, 0.2)-4: (0.052777198086578415, 0.6656)
(4, 3, 0.3)-0: (0.23483679889350584, 0.8392)
(4, 3, 0.3)-1: (0.22200999271688507, 0.8392)
(4, 3, 0.3)-2: (0.055856509102629466, 0.5912)
(4, 3, 0.3)-3: (0.05956837523834374, 0.6072)
(4, 3, 0.3)-4: (0.05205258983104678, 0.6584)
(4, 3, 0.4)-0: (0.05580106268182957, 0.6264)
(4, 3, 0.4)-1: (0.049415742025812934, 0.6632)
(4, 3, 0.4)-2: (0.1815348754330708, 0.8392)
(4, 3, 0.4)-3: (0.055790317584282864, 0.6152)
(4, 3, 0.4)-4: (0.0485294662635476, 0.636)
(4, 3, 0.5)-0: (0.061805010553972736, 0.692)
(4, 3, 0.5)-1: (0.0700337997319774, 0.7648)
(4, 3, 0.5)-2: (0.06109966807529048, 0.6256)
(4, 3, 0.5)-3: (0.05656336762422495, 0.7032)
(4, 3, 0.5)-4: (0.0610272263828664, 0.6656)
(5, 1, 0.1)-0: (0.06689381553771431, 0.5096)
(5, 1, 0.1)-1: (0.060929031791202286, 0.5952)
(5, 1, 0.1)-2: (0.06006938755130625, 0.592)
(5, 1, 0.1)-3: (0.05826394503686673, 0.5984)
(5, 1, 0.1)-4: (0.06528235993642989, 0.612)
(5, 1, 0.2)-0: (0.05448032221472873, 0.636)
(5, 1, 0.2)-1: (0.05056413032024582, 0.5808)
(5, 1, 0.2)-2: (0.058412432164893405, 0.5744)
(5, 1, 0.2)-3: (0.053125271220595446, 0.6424)
(5, 1, 0.2)-4: (0.04827802868873567, 0.6256)
(5, 1, 0.3)-0: (0.06074390844463387, 0.6544)
(5, 1, 0.3)-1: (0.05355523880758047, 0.6416)
(5, 1, 0.3)-2: (0.048462854452858944, 0.6448)
(5, 1, 0.3)-3: (0.051004947035644795, 0.6552)
(5, 1, 0.3)-4: (0.05060371595627116, 0.648)
(5, 1, 0.4)-0: (0.08013700133539496, 0.6888)
(5, 1, 0.4)-1: (0.06825817194143655, 0.6136)
(5, 1, 0.4)-2: (0.06559358785086988, 0.5976)
(5, 1, 0.4)-3: (0.06296796651369822, 0.6344)
(5, 1, 0.4)-4: (0.06882870933247966, 0.664)
(5, 1, 0.5)-0: (0.10762296958262409, 0.6064)
(5, 1, 0.5)-1: (0.0661013643139619, 0.6824)
(5, 1, 0.5)-2: (0.08271887905891162, 0.676)
(5, 1, 0.5)-3: (0.08998537049793413, 0.6224)
(5, 1, 0.5)-4: (0.06557706667845484, 0.644)
(5, 2, 0.1)-0: (0.18011632422640553, 0.8392)
(5, 2, 0.1)-1: (0.18219618249206188, 0.8392)
(5, 2, 0.1)-2: (0.06677554567550954, 0.536)
(5, 2, 0.1)-3: (0.05980753571612106, 0.6048)
(5, 2, 0.1)-4: (0.18024336648327713, 0.8392)
(5, 2, 0.2)-0: (0.051032386443943034, 0.6448)
(5, 2, 0.2)-1: (0.18007875144647484, 0.8392)
(5, 2, 0.2)-2: (0.058587274056605465, 0.6192)
(5, 2, 0.2)-3: (0.05499225709488281, 0.5408)
(5, 2, 0.2)-4: (0.05455331294765573, 0.584)
(5, 2, 0.3)-0: (0.04909661933846835, 0.64)
(5, 2, 0.3)-1: (0.053210848394657, 0.6384)
(5, 2, 0.3)-2: (0.047793824482642876, 0.6456)
(5, 2, 0.3)-3: (0.04741188934343998, 0.6568)
(5, 2, 0.3)-4: (0.05295326204862316, 0.6512)
(5, 2, 0.4)-0: (0.057921680657158615, 0.6552)
(5, 2, 0.4)-1: (0.06363410151376118, 0.6656)
(5, 2, 0.4)-2: (0.06816304742254782, 0.6544)
(5, 2, 0.4)-3: (0.05976787977269514, 0.6608)
(5, 2, 0.4)-4: (0.052285862837243895, 0.652)
(5, 2, 0.5)-0: (0.057913586014235775, 0.6096)
(5, 2, 0.5)-1: (0.06689456709041786, 0.652)
(5, 2, 0.5)-2: (0.055832807306801444, 0.62)
(5, 2, 0.5)-3: (0.0541297844585472, 0.676)
(5, 2, 0.5)-4: (0.06899629994762238, 0.6152)
(5, 3, 0.1)-0: (0.1804349855451402, 0.8392)
(5, 3, 0.1)-1: (0.48534173108774165, 0.0096)
(5, 3, 0.1)-2: (0.057717892924946765, 0.488)
(5, 3, 0.1)-3: (0.18020549324355334, 0.8392)
(5, 3, 0.1)-4: (0.3765230898793696, 0.1512)
(5, 3, 0.2)-0: (0.05641698433628824, 0.6992)
(5, 3, 0.2)-1: (0.08204649695747752, 0.7024)
(5, 3, 0.2)-2: (0.20121248158715602, 0.8392)
(5, 3, 0.2)-3: (0.18034380404469486, 0.8392)
(5, 3, 0.2)-4: (0.056499886423549084, 0.6456)
(5, 3, 0.3)-0: (0.18302889200325312, 0.8392)
(5, 3, 0.3)-1: (0.052657904671107834, 0.5672)
(5, 3, 0.3)-2: (0.18003225260665862, 0.8392)
(5, 3, 0.3)-3: (0.18003327485542428, 0.8392)
(5, 3, 0.3)-4: (0.1837538800246827, 0.8392)
(5, 3, 0.4)-0: (0.05118201598795697, 0.5968)
(5, 3, 0.4)-1: (0.19297832476491877, 0.8392)
(5, 3, 0.4)-2: (0.04926428769338045, 0.636)
(5, 3, 0.4)-3: (0.05315481687008231, 0.644)
(5, 3, 0.4)-4: (0.053165598169868544, 0.5944)
(5, 3, 0.5)-0: (0.08774056942355428, 0.7624)
(5, 3, 0.5)-1: (0.050322605251861253, 0.6704)
(5, 3, 0.5)-2: (0.060786489294307765, 0.6792)
(5, 3, 0.5)-3: (0.05307226194161941, 0.688)
(5, 3, 0.5)-4: (0.06732537694048613, 0.7392)
