(3, 1, 0.1)-0: (0.05173284880184824, 0.56)
(3, 1, 0.1)-1: (0.11570294190423155, 0.8392)
(3, 1, 0.1)-2: (0.18005741771310899, 0.8392)
(3, 1, 0.1)-3: (0.06350297045922167, 0.568)
(3, 1, 0.1)-4: (0.05960891829682989, 0.54)
(3, 1, 0.2)-0: (0.05426117975836721, 0.6152)
(3, 1, 0.2)-1: (0.05319544160036393, 0.5432)
(3, 1, 0.2)-2: (0.05213800059691765, 0.5688)
(3, 1, 0.2)-3: (0.05063512272563441, 0.5896)
(3, 1, 0.2)-4: (0.05384851593907759, 0.5968)
(3, 1, 0.3)-0: (0.049798267007327486, 0.6184)
(3, 1, 0.3)-1: (0.05152556648688419, 0.5944)
(3, 1, 0.3)-2: (0.050088740690203915, 0.5856)
(3, 1, 0.3)-3: (0.054026102962685785, 0.6096)
(3, 1, 0.3)-4: (0.04675406849777785, 0.5856)
(3, 1, 0.4)-0: (0.056815784587871586, 0.58)
(3, 1, 0.4)-1: (0.05201286764499672, 0.6208)
(3, 1, 0.4)-2: (0.05116360883735569, 0.62)
(3, 1, 0.4)-3: (0.04924233845374455, 0.656)
(3, 1, 0.4)-4: (0.05086241345674302, 0.6032)
(3, 1, 0.5)-0: (0.05370838168983646, 0.6304)
(3, 1, 0.5)-1: (0.05941514011865074, 0.6432)
(3, 1, 0.5)-2: (0.047767312011310355, 0.6608)
(3, 1, 0.5)-3: (0.04698425263598499, 0.652)
(3, 1, 0.5)-4: (0.053126826540219454, 0.5968)
(3, 2, 0.1)-0: (0.18627363306591344, 0.8392)
(3, 2, 0.1)-1: (0.05933069573831848, 0.5496)
(3, 2, 0.1)-2: (0.058667832197298535, 0.528)
(3, 2, 0.1)-3: (0.06835209596619583, 0.6872)
(3, 2, 0.1)-4: (0.0721319169494224, 0.532)
(3, 2, 0.2)-0: (0.050428883319553246, 0.6016)
(3, 2, 0.2)-1: (0.05206874383191283, 0.5704)
(3, 2, 0.2)-2: (0.048563348405408206, 0.6072)
(3, 2, 0.2)-3: (0.05086036782685631, 0.556)
(3, 2, 0.2)-4: (0.05078332225679376, 0.5616)
(3, 2, 0.3)-0: (0.05020910762396437, 0.5792)
(3, 2, 0.3)-1: (0.05542004359801518, 0.6304)
(3, 2, 0.3)-2: (0.05179489156441105, 0.5816)
(3, 2, 0.3)-3: (0.05132285823963099, 0.56)
(3, 2, 0.3)-4: (0.04869487971959656, 0.6048)
(3, 2, 0.4)-0: (0.058036895737342845, 0.5968)
(3, 2, 0.4)-1: (0.04964878895810098, 0.5496)
(3, 2, 0.4)-2: (0.051216665215949024, 0.6504)
(3, 2, 0.4)-3: (0.04951647020761554, 0.6176)
(3, 2, 0.4)-4: (0.05122319492569698, 0.6336)
(3, 2, 0.5)-0: (0.049880275634992574, 0.6112)
(3, 2, 0.5)-1: (0.04813013943305036, 0.6376)
(3, 2, 0.5)-2: (0.04698118489524895, 0.6096)
(3, 2, 0.5)-3: (0.05191086000213545, 0.6568)
(3, 2, 0.5)-4: (0.0496488611385888, 0.6208)
(3, 3, 0.1)-0: (0.23442293429031483, 0.8392)
(3, 3, 0.1)-1: (0.18051606527379926, 0.8392)
(3, 3, 0.1)-2: (0.5559745790309161, 0.0096)
(3, 3, 0.1)-3: (0.3240043907507278, 0.1512)
(3, 3, 0.1)-4: (0.44355113789507866, 0.0096)
(3, 3, 0.2)-0: (0.19035380270365634, 0.8392)
(3, 3, 0.2)-1: (0.2545798172858502, 0.0096)
(3, 3, 0.2)-2: (0.09987254979261011, 0.8392)
(3, 3, 0.2)-3: (0.19830155510778108, 0.8392)
(3, 3, 0.2)-4: (0.18350157818196935, 0.8392)
(3, 3, 0.3)-0: (0.1801178130940035, 0.8392)
(3, 3, 0.3)-1: (0.09410725520992617, 0.6784)
(3, 3, 0.3)-2: (0.19097108690582051, 0.8392)
(3, 3, 0.3)-3: (0.052807026991933584, 0.5416)
(3, 3, 0.3)-4: (0.06522680419604215, 0.7256)
(3, 3, 0.4)-0: (0.049550791478902366, 0.6272)
(3, 3, 0.4)-1: (0.04892393552321586, 0.6304)
(3, 3, 0.4)-2: (0.18003989295963793, 0.8392)
(3, 3, 0.4)-3: (0.06756852355343856, 0.7384)
(3, 3, 0.4)-4: (0.18050810834387176, 0.8392)
(3, 3, 0.5)-0: (0.05031918915888648, 0.6368)
(3, 3, 0.5)-1: (0.18397223502833507, 0.8392)
(3, 3, 0.5)-2: (0.06021898820164695, 0.632)
(3, 3, 0.5)-3: (0.053962342819372, 0.5816)
(3, 3, 0.5)-4: (0.04869120640635862, 0.5632)
(4, 1, 0.1)-0: (0.06172201514473127, 0.58)
(4, 1, 0.1)-1: (0.078343923431473, 0.5928)
(4, 1, 0.1)-2: (0.06208730103069148, 0.5096)
(4, 1, 0.1)-3: (0.06793453598077002, 0.724)
(4, 1, 0.1)-4: (0.06777435839873223, 0.5544)
(4, 1, 0.2)-0: (0.057011996327082544, 0.592)
(4, 1, 0.2)-1: (0.05099905526311574, 0.5216)
(4, 1, 0.2)-2: (0.05380058834435598, 0.5704)
(4, 1, 0.2)-3: (0.05384487026389454, 0.5736)
(4, 1, 0.2)-4: (0.05517775126310672, 0.64)
(4, 1, 0.3)-0: (0.049831686786883066, 0.5112)
(4, 1, 0.3)-1: (0.05091048351576806, 0.6536)
(4, 1, 0.3)-2: (0.05761495177068499, 0.5656)
(4, 1, 0.3)-3: (0.05089176102078311, 0.6144)
(4, 1, 0.3)-4: (0.04744785638767121, 0.5856)
(4, 1, 0.4)-0: (0.048598623544361855, 0.5984)
(4, 1, 0.4)-1: (0.0477023281663653, 0.6288)
(4, 1, 0.4)-2: (0.051193906589065176, 0.6032)
(4, 1, 0.4)-3: (0.04917319014244975, 0.56)
(4, 1, 0.4)-4: (0.04977004579527268, 0.628)
(4, 1, 0.5)-0: (0.05088838434530854, 0.6264)
(4, 1, 0.5)-1: (0.05312855034875911, 0.6208)
(4, 1, 0.5)-2: (0.05272238319345711, 0.6568)
(4, 1, 0.5)-3: (0.047535139815903134, 0.6536)
(4, 1, 0.5)-4: (0.04631446116702773, 0.6256)
(4, 2, 0.1)-0: (0.18003402497451412, 0.8392)
(4, 2, 0.1)-1: (0.0696063292179154, 0.548)
(4, 2, 0.1)-2: (0.08288092493092165, 0.8392)
(4, 2, 0.1)-3: (0.180090097700351, 0.8392)
(4, 2, 0.1)-4: (0.11051466751235589, 0.8392)
(4, 2, 0.2)-0: (0.18041583790533142, 0.8392)
(4, 2, 0.2)-1: (0.055512307881972575, 0.612)
(4, 2, 0.2)-2: (0.1817209417923379, 0.8392)
(4, 2, 0.2)-3: (0.05187558612395029, 0.5424)
(4, 2, 0.2)-4: (0.0769490880970799, 0.5216)
(4, 2, 0.3)-0: (0.05171659144715032, 0.6032)
(4, 2, 0.3)-1: (0.04914140379893838, 0.5512)
(4, 2, 0.3)-2: (0.05116182013974633, 0.5808)
(4, 2, 0.3)-3: (0.053760124984191665, 0.5952)
(4, 2, 0.3)-4: (0.04631897728567821, 0.5864)
(4, 2, 0.4)-0: (0.04750358572907385, 0.5968)
(4, 2, 0.4)-1: (0.047013991574397035, 0.604)
(4, 2, 0.4)-2: (0.05376420307964375, 0.6048)
(4, 2, 0.4)-3: (0.048929732847064915, 0.5928)
(4, 2, 0.4)-4: (0.05367539317114356, 0.62)
(4, 2, 0.5)-0: (0.051407563907291606, 0.6808)
(4, 2, 0.5)-1: (0.04680298085617447, 0.6408)
(4, 2, 0.5)-2: (0.05374356158875004, 0.6352)
(4, 2, 0.5)-3: (0.05282679947448389, 0.6752)
(4, 2, 0.5)-4: (0.05038078634435192, 0.612)
(4, 3, 0.1)-0: (0.18626816431907475, 0.8392)
(4, 3, 0.1)-1: (0.49092418633281243, 0.1512)
(4, 3, 0.1)-2: (0.3324054417062887, 0.1512)
(4, 3, 0.1)-3: (0.19501929672408094, 0.8392)
(4, 3, 0.1)-4: (0.11910774645412411, 0.8392)
(4, 3, 0.2)-0: (0.18021395930319678, 0.8392)
(4, 3, 0.2)-1: (0.18043510728318937, 0.8392)
(4, 3, 0.2)-2: (0.23506941575703158, 0.8392)
(4, 3, 0.2)-3: (0.1836964532641226, 0.8392)
(4, 3, 0.2)-4: (0.18005499350703427, 0.8392)
(4, 3, 0.3)-0: (0.18179760742814938, 0.8392)
(4, 3, 0.3)-1: (0.18013163554643363, 0.8392)
(4, 3, 0.3)-2: (0.10527368514757009, 0.6312)
(4, 3, 0.3)-3: (0.07796741790030982, 0.7392)
(4, 3, 0.3)-4: (0.05396129461413684, 0.5888)
(4, 3, 0.4)-0: (0.18731236872882034, 0.8392)
(4, 3, 0.4)-1: (0.1839345838821344, 0.8392)
(4, 3, 0.4)-2: (0.04826685273260431, 0.5288)
(4, 3, 0.4)-3: (0.18009761925740903, 0.8392)
(4, 3, 0.4)-4: (0.058350904412885804, 0.5512)
(4, 3, 0.5)-0: (0.051774070915882035, 0.628)
(4, 3, 0.5)-1: (0.18005398501125425, 0.8392)
(4, 3, 0.5)-2: (0.09536593893598597, 0.5928)
(4, 3, 0.5)-3: (0.18054073015446528, 0.8392)
(4, 3, 0.5)-4: (0.046502193642914004, 0.5408)
(5, 1, 0.1)-0: (0.09525343210786975, 0.6992)
(5, 1, 0.1)-1: (0.058883771190078094, 0.5552)
(5, 1, 0.1)-2: (0.09339072696286857, 0.8392)
(5, 1, 0.1)-3: (0.07858912174705933, 0.6984)
(5, 1, 0.1)-4: (0.07088711230221488, 0.684)
(5, 1, 0.2)-0: (0.05136346125881131, 0.6232)
(5, 1, 0.2)-1: (0.060369071527540494, 0.58)
(5, 1, 0.2)-2: (0.05229028374579276, 0.5608)
(5, 1, 0.2)-3: (0.049735499002673336, 0.5912)
(5, 1, 0.2)-4: (0.05355584745467056, 0.6)
(5, 1, 0.3)-0: (0.052056266574062225, 0.6064)
(5, 1, 0.3)-1: (0.048478311547957925, 0.5576)
(5, 1, 0.3)-2: (0.04785789239987437, 0.5912)
(5, 1, 0.3)-3: (0.05220687693042027, 0.5864)
(5, 1, 0.3)-4: (0.04644307209956668, 0.5752)
(5, 1, 0.4)-0: (0.04912869548320566, 0.5656)
(5, 1, 0.4)-1: (0.04884384036863698, 0.6048)
(5, 1, 0.4)-2: (0.0497434027568056, 0.6472)
(5, 1, 0.4)-3: (0.04929565985349246, 0.6336)
(5, 1, 0.4)-4: (0.04744316181953696, 0.568)
(5, 1, 0.5)-0: (0.04673470234672161, 0.5808)
(5, 1, 0.5)-1: (0.05111309979746163, 0.6544)
(5, 1, 0.5)-2: (0.04524429148212096, 0.6712)
(5, 1, 0.5)-3: (0.048102405254740965, 0.6088)
(5, 1, 0.5)-4: (0.04561645068424067, 0.636)
(5, 2, 0.1)-0: (0.13003329239483064, 0.8392)
(5, 2, 0.1)-1: (0.07474206020129094, 0.5576)
(5, 2, 0.1)-2: (0.1140046220157933, 0.8392)
(5, 2, 0.1)-3: (0.0916094694321661, 0.8392)
(5, 2, 0.1)-4: (0.08422827204275385, 0.6848)
(5, 2, 0.2)-0: (0.05573218045114494, 0.6384)
(5, 2, 0.2)-1: (0.05281278259976092, 0.5416)
(5, 2, 0.2)-2: (0.05156380553177953, 0.5648)
(5, 2, 0.2)-3: (0.0667821053518386, 0.584)
(5, 2, 0.2)-4: (0.06102431452292167, 0.4336)
(5, 2, 0.3)-0: (0.048119697472594376, 0.5776)
(5, 2, 0.3)-1: (0.04891992741466134, 0.5944)
(5, 2, 0.3)-2: (0.04985647638362361, 0.5736)
(5, 2, 0.3)-3: (0.048626754613358913, 0.6112)
(5, 2, 0.3)-4: (0.049622352430595276, 0.548)
(5, 2, 0.4)-0: (0.051451295674294066, 0.6504)
(5, 2, 0.4)-1: (0.046777671393163515, 0.6096)
(5, 2, 0.4)-2: (0.05152606786492636, 0.5312)
(5, 2, 0.4)-3: (0.049669072391532974, 0.54)
(5, 2, 0.4)-4: (0.04757371620528062, 0.5904)
(5, 2, 0.5)-0: (0.0451086022021472, 0.6472)
(5, 2, 0.5)-1: (0.04946052882575962, 0.644)
(5, 2, 0.5)-2: (0.046849779634689996, 0.6144)
(5, 2, 0.5)-3: (0.050023321734524624, 0.5512)
(5, 2, 0.5)-4: (0.04931403136465187, 0.6344)
(5, 3, 0.1)-0: (0.08130037080069365, 0.8392)
(5, 3, 0.1)-1: (0.18272492783552077, 0.8392)
(5, 3, 0.1)-2: (0.28263540274267135, 0.1512)
(5, 3, 0.1)-3: (0.46230430872060996, 0.1512)
(5, 3, 0.1)-4: (0.10609462158781562, 0.8392)
(5, 3, 0.2)-0: (0.18005197752862756, 0.8392)
(5, 3, 0.2)-1: (0.1862343088971063, 0.8392)
(5, 3, 0.2)-2: (0.05568991543663557, 0.5416)
(5, 3, 0.2)-3: (0.18105816441738753, 0.8392)
(5, 3, 0.2)-4: (0.3051198311334667, 0.1512)
(5, 3, 0.3)-0: (0.07006692265371535, 0.7112)
(5, 3, 0.3)-1: (0.18003252900752414, 0.8392)
(5, 3, 0.3)-2: (0.18016292674799142, 0.8392)
(5, 3, 0.3)-3: (0.18003310864293234, 0.8392)
(5, 3, 0.3)-4: (0.1800392879666744, 0.8392)
(5, 3, 0.4)-0: (0.05123851878852394, 0.5824)
(5, 3, 0.4)-1: (0.06281054885345179, 0.6352)
(5, 3, 0.4)-2: (0.18476738182275498, 0.8392)
(5, 3, 0.4)-3: (0.05197510251450617, 0.6128)
(5, 3, 0.4)-4: (0.18240583660098106, 0.8392)
(5, 3, 0.5)-0: (0.05051020832273174, 0.5616)
(5, 3, 0.5)-1: (0.04842994050902679, 0.6448)
(5, 3, 0.5)-2: (0.05829880782438606, 0.5624)
(5, 3, 0.5)-3: (0.1800629322243065, 0.8392)
(5, 3, 0.5)-4: (0.18007854476929372, 0.8392)
