(3, 1, 0.1)-0: (0.06660829023603351, 0.5672)
(3, 1, 0.1)-1: (0.07465310382533119, 0.5512)
(3, 1, 0.1)-2: (0.05565019850971739, 0.5824)
(3, 1, 0.1)-3: (0.053519585260239276, 0.5592)
(3, 1, 0.1)-4: (0.06745303651997522, 0.4912)
(3, 1, 0.2)-0: (0.050502789280135046, 0.5576)
(3, 1, 0.2)-1: (0.052872157861980545, 0.5936)
(3, 1, 0.2)-2: (0.051501160028100415, 0.6272)
(3, 1, 0.2)-3: (0.05422503199681362, 0.6304)
(3, 1, 0.2)-4: (0.05612752279731634, 0.5968)
(3, 1, 0.3)-0: (0.04980611266354054, 0.5896)
(3, 1, 0.3)-1: (0.05293693085135501, 0.5688)
(3, 1, 0.3)-2: (0.04641794132428879, 0.5936)
(3, 1, 0.3)-3: (0.05000774495355772, 0.6192)
(3, 1, 0.3)-4: (0.050206726370781427, 0.58)
(3, 1, 0.4)-0: (0.051480773309135974, 0.6272)
(3, 1, 0.4)-1: (0.05192960859591426, 0.668)
(3, 1, 0.4)-2: (0.053915929378365125, 0.6408)
(3, 1, 0.4)-3: (0.04995980113934759, 0.6784)
(3, 1, 0.4)-4: (0.051344347983702326, 0.6272)
(3, 1, 0.5)-0: (0.05596960839936528, 0.6872)
(3, 1, 0.5)-1: (0.05181628156200537, 0.6736)
(3, 1, 0.5)-2: (0.05322007337761388, 0.6008)
(3, 1, 0.5)-3: (0.06636897674984625, 0.6672)
(3, 1, 0.5)-4: (0.05241120889303964, 0.5488)
(3, 2, 0.1)-0: (0.06441487518705205, 0.704)
(3, 2, 0.1)-1: (0.18053504372759785, 0.8392)
(3, 2, 0.1)-2: (0.11124840004108487, 0.8392)
(3, 2, 0.1)-3: (0.06145308808154084, 0.56)
(3, 2, 0.1)-4: (0.18222068068867922, 0.8392)
(3, 2, 0.2)-0: (0.05133241444902151, 0.604)
(3, 2, 0.2)-1: (0.07148248618026758, 0.672)
(3, 2, 0.2)-2: (0.06311630282699177, 0.5744)
(3, 2, 0.2)-3: (0.18018044090191457, 0.8392)
(3, 2, 0.2)-4: (0.05339774336376368, 0.5888)
(3, 2, 0.3)-0: (0.05015372226941082, 0.5912)
(3, 2, 0.3)-1: (0.051495830510459494, 0.6096)
(3, 2, 0.3)-2: (0.05323072857611996, 0.6392)
(3, 2, 0.3)-3: (0.048160040075298026, 0.592)
(3, 2, 0.3)-4: (0.05050582369427229, 0.5944)
(3, 2, 0.4)-0: (0.04803500998980701, 0.5992)
(3, 2, 0.4)-1: (0.056922951282687984, 0.6104)
(3, 2, 0.4)-2: (0.049276656101130835, 0.5928)
(3, 2, 0.4)-3: (0.04936822377551293, 0.6248)
(3, 2, 0.4)-4: (0.05054109341568254, 0.6656)
(3, 2, 0.5)-0: (0.04975299659351815, 0.6352)
(3, 2, 0.5)-1: (0.05053887862551603, 0.6752)
(3, 2, 0.5)-2: (0.04778033786514843, 0.532)
(3, 2, 0.5)-3: (0.04676077001694977, 0.6336)
(3, 2, 0.5)-4: (0.055296405161792656, 0.632)
(3, 3, 0.1)-0: (0.27436797278818276, 0.1512)
(3, 3, 0.1)-1: (0.29632500114404636, 0.0096)
(3, 3, 0.1)-2: (0.5710600627484602, 0.1512)
(3, 3, 0.1)-3: (0.18988640680434105, 0.8392)
(3, 3, 0.1)-4: (0.11633243320610534, 0.8392)
(3, 3, 0.2)-0: (0.0879943797225637, 0.8392)
(3, 3, 0.2)-1: (0.19773045493140357, 0.8392)
(3, 3, 0.2)-2: (0.18003836202057602, 0.8392)
(3, 3, 0.2)-3: (0.30439038545076963, 0.0096)
(3, 3, 0.2)-4: (0.18631963487479306, 0.8392)
(3, 3, 0.3)-0: (0.0691708806115899, 0.6688)
(3, 3, 0.3)-1: (0.22922402656852006, 0.8392)
(3, 3, 0.3)-2: (0.05154959362681077, 0.6352)
(3, 3, 0.3)-3: (0.056071288605269706, 0.5688)
(3, 3, 0.3)-4: (0.19438860439319078, 0.8392)
(3, 3, 0.4)-0: (0.1800647761392121, 0.8392)
(3, 3, 0.4)-1: (0.18064372034742066, 0.8392)
(3, 3, 0.4)-2: (0.18077412011946786, 0.8392)
(3, 3, 0.4)-3: (0.05339283546813897, 0.6168)
(3, 3, 0.4)-4: (0.10139556929474172, 0.8392)
(3, 3, 0.5)-0: (0.05631106625709127, 0.6736)
(3, 3, 0.5)-1: (0.14396024867288768, 0.8392)
(3, 3, 0.5)-2: (0.05365581673449102, 0.6264)
(3, 3, 0.5)-3: (0.0700511071124834, 0.716)
(3, 3, 0.5)-4: (0.04834132151353197, 0.5976)
(4, 1, 0.1)-0: (0.06504514568521087, 0.5448)
(4, 1, 0.1)-1: (0.05691168964047787, 0.5672)
(4, 1, 0.1)-2: (0.07670566990478891, 0.5712)
(4, 1, 0.1)-3: (0.1801238394327603, 0.8392)
(4, 1, 0.1)-4: (0.07942551650167508, 0.5232)
(4, 1, 0.2)-0: (0.04966188469119669, 0.5464)
(4, 1, 0.2)-1: (0.055324519824988205, 0.5984)
(4, 1, 0.2)-2: (0.05291696998765748, 0.5704)
(4, 1, 0.2)-3: (0.0472408396458775, 0.5392)
(4, 1, 0.2)-4: (0.05299533123698303, 0.5832)
(4, 1, 0.3)-0: (0.051487490136635075, 0.58)
(4, 1, 0.3)-1: (0.05108461787181431, 0.6184)
(4, 1, 0.3)-2: (0.05282178420503888, 0.6504)
(4, 1, 0.3)-3: (0.05015227394445631, 0.5552)
(4, 1, 0.3)-4: (0.04716376192888204, 0.5728)
(4, 1, 0.4)-0: (0.05238457658709315, 0.6504)
(4, 1, 0.4)-1: (0.052598557531705316, 0.5936)
(4, 1, 0.4)-2: (0.04901472451470077, 0.556)
(4, 1, 0.4)-3: (0.051876966636059216, 0.5752)
(4, 1, 0.4)-4: (0.05191519975153987, 0.6168)
(4, 1, 0.5)-0: (0.04667397780475851, 0.6688)
(4, 1, 0.5)-1: (0.04987116087355792, 0.6056)
(4, 1, 0.5)-2: (0.04903282627669028, 0.652)
(4, 1, 0.5)-3: (0.047520597910795145, 0.64)
(4, 1, 0.5)-4: (0.047989364956232745, 0.6352)
(4, 2, 0.1)-0: (0.06397912725477539, 0.548)
(4, 2, 0.1)-1: (0.20509454718189604, 0.8392)
(4, 2, 0.1)-2: (0.18009450365764434, 0.8392)
(4, 2, 0.1)-3: (0.1800652195479064, 0.8392)
(4, 2, 0.1)-4: (0.1800340677912483, 0.8392)
(4, 2, 0.2)-0: (0.10277982254204071, 0.7168)
(4, 2, 0.2)-1: (0.18153387673665153, 0.8392)
(4, 2, 0.2)-2: (0.1800682148074771, 0.8392)
(4, 2, 0.2)-3: (0.06232426709326629, 0.544)
(4, 2, 0.2)-4: (0.18006856063654178, 0.8392)
(4, 2, 0.3)-0: (0.052171487254068734, 0.564)
(4, 2, 0.3)-1: (0.055590088131643414, 0.5912)
(4, 2, 0.3)-2: (0.049519418334143715, 0.5592)
(4, 2, 0.3)-3: (0.048781417369330095, 0.5816)
(4, 2, 0.3)-4: (0.05223115009552846, 0.5808)
(4, 2, 0.4)-0: (0.04852421377491724, 0.6024)
(4, 2, 0.4)-1: (0.048204146747685486, 0.58)
(4, 2, 0.4)-2: (0.04432257995236553, 0.6176)
(4, 2, 0.4)-3: (0.04434853571301332, 0.5984)
(4, 2, 0.4)-4: (0.04980000640331218, 0.5624)
(4, 2, 0.5)-0: (0.05389835429732463, 0.592)
(4, 2, 0.5)-1: (0.04725278293989578, 0.6144)
(4, 2, 0.5)-2: (0.0545385849542953, 0.604)
(4, 2, 0.5)-3: (0.05621136721203222, 0.5776)
(4, 2, 0.5)-4: (0.04564039647251684, 0.6144)
(4, 3, 0.1)-0: (0.10446861639877558, 0.8392)
(4, 3, 0.1)-1: (0.1815700086235507, 0.8392)
(4, 3, 0.1)-2: (0.45221811326099076, 0.1512)
(4, 3, 0.1)-3: (0.3214721772480741, 0.0096)
(4, 3, 0.1)-4: (0.10117701741846295, 0.8392)
(4, 3, 0.2)-0: (0.18173726182440433, 0.8392)
(4, 3, 0.2)-1: (0.18005588260638145, 0.8392)
(4, 3, 0.2)-2: (0.18020643091146918, 0.8392)
(4, 3, 0.2)-3: (0.09683958071858319, 0.8392)
(4, 3, 0.2)-4: (0.18003507585503947, 0.8392)
(4, 3, 0.3)-0: (0.05323140406998739, 0.5176)
(4, 3, 0.3)-1: (0.05316249696849675, 0.5232)
(4, 3, 0.3)-2: (0.18092009855033428, 0.8392)
(4, 3, 0.3)-3: (0.07835211940348129, 0.6216)
(4, 3, 0.3)-4: (0.13296899272403123, 0.8392)
(4, 3, 0.4)-0: (0.07230147921586187, 0.7392)
(4, 3, 0.4)-1: (0.1800863259359071, 0.8392)
(4, 3, 0.4)-2: (0.07675115442898661, 0.7008)
(4, 3, 0.4)-3: (0.0502371596834072, 0.5712)
(4, 3, 0.4)-4: (0.18005732063782995, 0.8392)
(4, 3, 0.5)-0: (0.18007433107273907, 0.8392)
(4, 3, 0.5)-1: (0.18189864951326926, 0.8392)
(4, 3, 0.5)-2: (0.053188605740841034, 0.5536)
(4, 3, 0.5)-3: (0.050537696786275135, 0.604)
(4, 3, 0.5)-4: (0.180094565473858, 0.8392)
(5, 1, 0.1)-0: (0.1051796963866371, 0.696)
(5, 1, 0.1)-1: (0.0900478598825469, 0.6624)
(5, 1, 0.1)-2: (0.15086084093594507, 0.8392)
(5, 1, 0.1)-3: (0.06685379082373125, 0.5448)
(5, 1, 0.1)-4: (0.06744905231872701, 0.5032)
(5, 1, 0.2)-0: (0.05982641837739925, 0.4976)
(5, 1, 0.2)-1: (0.05182202992860317, 0.5752)
(5, 1, 0.2)-2: (0.051447183687080573, 0.6128)
(5, 1, 0.2)-3: (0.050914743118662335, 0.496)
(5, 1, 0.2)-4: (0.054913056032161886, 0.4968)
(5, 1, 0.3)-0: (0.05171552019849764, 0.6048)
(5, 1, 0.3)-1: (0.053557527579669105, 0.5744)
(5, 1, 0.3)-2: (0.04707135028269919, 0.5896)
(5, 1, 0.3)-3: (0.048984261402385834, 0.5624)
(5, 1, 0.3)-4: (0.053486100325348514, 0.62)
(5, 1, 0.4)-0: (0.04635782466470649, 0.5312)
(5, 1, 0.4)-1: (0.04719016673959977, 0.6048)
(5, 1, 0.4)-2: (0.048247566486716596, 0.628)
(5, 1, 0.4)-3: (0.047059536077095676, 0.6096)
(5, 1, 0.4)-4: (0.04524484082336614, 0.616)
(5, 1, 0.5)-0: (0.045423551031695486, 0.5912)
(5, 1, 0.5)-1: (0.0480554632647536, 0.6416)
(5, 1, 0.5)-2: (0.04662452100480571, 0.6304)
(5, 1, 0.5)-3: (0.0481480926258473, 0.6128)
(5, 1, 0.5)-4: (0.04742737044904481, 0.612)
(5, 2, 0.1)-0: (0.1902895682784436, 0.8392)
(5, 2, 0.1)-1: (0.10145020874591187, 0.66)
(5, 2, 0.1)-2: (0.0862299837108836, 0.7328)
(5, 2, 0.1)-3: (0.18138091468832201, 0.8392)
(5, 2, 0.1)-4: (0.200397296914126, 0.8392)
(5, 2, 0.2)-0: (0.18006510989726932, 0.8392)
(5, 2, 0.2)-1: (0.07918876360572971, 0.7064)
(5, 2, 0.2)-2: (0.06315902678027865, 0.5152)
(5, 2, 0.2)-3: (0.05690674021022672, 0.5056)
(5, 2, 0.2)-4: (0.14338152107561092, 0.8392)
(5, 2, 0.3)-0: (0.049216776212719845, 0.5728)
(5, 2, 0.3)-1: (0.04779932558876653, 0.6328)
(5, 2, 0.3)-2: (0.04658564872571641, 0.5408)
(5, 2, 0.3)-3: (0.04933708842751962, 0.5944)
(5, 2, 0.3)-4: (0.054000141109935416, 0.544)
(5, 2, 0.4)-0: (0.045933090109265745, 0.6224)
(5, 2, 0.4)-1: (0.04670130835396477, 0.6016)
(5, 2, 0.4)-2: (0.04693333978788046, 0.624)
(5, 2, 0.4)-3: (0.051383249217132006, 0.5808)
(5, 2, 0.4)-4: (0.04559004226205976, 0.6)
(5, 2, 0.5)-0: (0.04624802094629378, 0.6448)
(5, 2, 0.5)-1: (0.045157525304754836, 0.6248)
(5, 2, 0.5)-2: (0.05151394080657586, 0.6296)
(5, 2, 0.5)-3: (0.054338628482578075, 0.632)
(5, 2, 0.5)-4: (0.05724057106818925, 0.6528)
(5, 3, 0.1)-0: (0.233974449652384, 0.8392)
(5, 3, 0.1)-1: (0.0802559345998898, 0.64)
(5, 3, 0.1)-2: (0.30298422839543737, 0.0096)
(5, 3, 0.1)-3: (0.18006520584209626, 0.8392)
(5, 3, 0.1)-4: (0.18014960874041067, 0.8392)
(5, 3, 0.2)-0: (0.2219787124081532, 0.8392)
(5, 3, 0.2)-1: (0.07681135209870538, 0.6872)
(5, 3, 0.2)-2: (0.07622574862323506, 0.8392)
(5, 3, 0.2)-3: (0.18368328954962088, 0.8392)
(5, 3, 0.2)-4: (0.1801849737392225, 0.8392)
(5, 3, 0.3)-0: (0.1800353654238779, 0.8392)
(5, 3, 0.3)-1: (0.057369890279027995, 0.7376)
(5, 3, 0.3)-2: (0.20418651596337842, 0.8392)
(5, 3, 0.3)-3: (0.18063302807702444, 0.8392)
(5, 3, 0.3)-4: (0.1801736625168627, 0.8392)
(5, 3, 0.4)-0: (0.2037556463830548, 0.8392)
(5, 3, 0.4)-1: (0.04545506063705238, 0.576)
(5, 3, 0.4)-2: (0.07353139543928004, 0.636)
(5, 3, 0.4)-3: (0.04972551869974292, 0.604)
(5, 3, 0.4)-4: (0.18004855794634073, 0.8392)
(5, 3, 0.5)-0: (0.04691044223345529, 0.6104)
(5, 3, 0.5)-1: (0.18123243684277143, 0.8392)
(5, 3, 0.5)-2: (0.18008769584836354, 0.8392)
(5, 3, 0.5)-3: (0.18009411148647264, 0.8392)
(5, 3, 0.5)-4: (0.18004688275942332, 0.8392)
