(3, 1, 0.1)-0: (0.053705102095159746, 0.5208)
(3, 1, 0.1)-1: (0.05381355494479662, 0.5904)
(3, 1, 0.1)-2: (0.06804398067366743, 0.5888)
(3, 1, 0.1)-3: (0.05691195941273431, 0.552)
(3, 1, 0.1)-4: (0.07307767698851898, 0.4264)
(3, 1, 0.2)-0: (0.04979167872978114, 0.6104)
(3, 1, 0.2)-1: (0.054168408089410806, 0.6176)
(3, 1, 0.2)-2: (0.057960018739011215, 0.6064)
(3, 1, 0.2)-3: (0.05122093561199597, 0.5648)
(3, 1, 0.2)-4: (0.052485309559902785, 0.6)
(3, 1, 0.3)-0: (0.050656300962371406, 0.6144)
(3, 1, 0.3)-1: (0.04806695583772267, 0.5864)
(3, 1, 0.3)-2: (0.05071265644529308, 0.632)
(3, 1, 0.3)-3: (0.0503159004569785, 0.6112)
(3, 1, 0.3)-4: (0.05097297332646362, 0.5976)
(3, 1, 0.4)-0: (0.04923989167468329, 0.6208)
(3, 1, 0.4)-1: (0.05407934096132344, 0.644)
(3, 1, 0.4)-2: (0.052584093038393044, 0.6496)
(3, 1, 0.4)-3: (0.05639939712746267, 0.596)
(3, 1, 0.4)-4: (0.05201876073074686, 0.664)
(3, 1, 0.5)-0: (0.05314096602014829, 0.672)
(3, 1, 0.5)-1: (0.06111245577667264, 0.6936)
(3, 1, 0.5)-2: (0.047686073551150863, 0.6376)
(3, 1, 0.5)-3: (0.05062328261189632, 0.6616)
(3, 1, 0.5)-4: (0.05341395773983245, 0.6312)
(3, 2, 0.1)-0: (0.18004578225147175, 0.8392)
(3, 2, 0.1)-1: (0.17052278627473863, 0.8392)
(3, 2, 0.1)-2: (0.18005164420555247, 0.8392)
(3, 2, 0.1)-3: (0.08341058896789597, 0.6752)
(3, 2, 0.1)-4: (0.053837820002981915, 0.5696)
(3, 2, 0.2)-0: (0.06674467716374673, 0.6568)
(3, 2, 0.2)-1: (0.05464579161660224, 0.5632)
(3, 2, 0.2)-2: (0.06095673213818439, 0.4688)
(3, 2, 0.2)-3: (0.05620143717499692, 0.5864)
(3, 2, 0.2)-4: (0.07735763034278188, 0.7232)
(3, 2, 0.3)-0: (0.04486359790892185, 0.6056)
(3, 2, 0.3)-1: (0.05137714698679894, 0.6296)
(3, 2, 0.3)-2: (0.049659131420447776, 0.6168)
(3, 2, 0.3)-3: (0.04769031452118213, 0.6216)
(3, 2, 0.3)-4: (0.04777045933933088, 0.596)
(3, 2, 0.4)-0: (0.04768013092043213, 0.592)
(3, 2, 0.4)-1: (0.04858885574298196, 0.5872)
(3, 2, 0.4)-2: (0.048732619840457445, 0.6584)
(3, 2, 0.4)-3: (0.050348671166634634, 0.5928)
(3, 2, 0.4)-4: (0.048119204050012236, 0.6264)
(3, 2, 0.5)-0: (0.05115465442894274, 0.6744)
(3, 2, 0.5)-1: (0.04754189427595263, 0.6056)
(3, 2, 0.5)-2: (0.05480918446105901, 0.6288)
(3, 2, 0.5)-3: (0.05585843625891878, 0.6704)
(3, 2, 0.5)-4: (0.052276053013408555, 0.6328)
(3, 3, 0.1)-0: (0.1853045185208541, 0.8392)
(3, 3, 0.1)-1: (0.3986746049513061, 0.1512)
(3, 3, 0.1)-2: (0.18551018483437592, 0.8392)
(3, 3, 0.1)-3: (0.19476152141572603, 0.8392)
(3, 3, 0.1)-4: (0.30253017766819396, 0.0096)
(3, 3, 0.2)-0: (0.2648779395726977, 0.0096)
(3, 3, 0.2)-1: (0.24619321930935306, 0.8392)
(3, 3, 0.2)-2: (0.18065309931840337, 0.8392)
(3, 3, 0.2)-3: (0.18005352026698215, 0.8392)
(3, 3, 0.2)-4: (0.0860382606495281, 0.8392)
(3, 3, 0.3)-0: (0.055157218253078136, 0.476)
(3, 3, 0.3)-1: (0.07017088783756631, 0.7472)
(3, 3, 0.3)-2: (0.05903508123880088, 0.4592)
(3, 3, 0.3)-3: (0.060411347938817354, 0.5352)
(3, 3, 0.3)-4: (0.1800576063548445, 0.8392)
(3, 3, 0.4)-0: (0.1850983060991008, 0.8392)
(3, 3, 0.4)-1: (0.18006323544251812, 0.8392)
(3, 3, 0.4)-2: (0.1800945111749538, 0.8392)
(3, 3, 0.4)-3: (0.046897313451271204, 0.6256)
(3, 3, 0.4)-4: (0.05601345462594628, 0.604)
(3, 3, 0.5)-0: (0.18003229798866394, 0.8392)
(3, 3, 0.5)-1: (0.057201716247701685, 0.6584)
(3, 3, 0.5)-2: (0.19760746764692266, 0.8392)
(3, 3, 0.5)-3: (0.05528837355484419, 0.6184)
(3, 3, 0.5)-4: (0.05202382617478029, 0.6136)
(4, 1, 0.1)-0: (0.06177905122930736, 0.5656)
(4, 1, 0.1)-1: (0.05510075350254473, 0.5928)
(4, 1, 0.1)-2: (0.18012472937422497, 0.8392)
(4, 1, 0.1)-3: (0.0596106746084742, 0.5568)
(4, 1, 0.1)-4: (0.18007900222864293, 0.8392)
(4, 1, 0.2)-0: (0.05272229430464838, 0.568)
(4, 1, 0.2)-1: (0.05127157056911941, 0.5592)
(4, 1, 0.2)-2: (0.04908656455988444, 0.5832)
(4, 1, 0.2)-3: (0.049637250202028804, 0.5496)
(4, 1, 0.2)-4: (0.05106722938040428, 0.584)
(4, 1, 0.3)-0: (0.05417692643494689, 0.6032)
(4, 1, 0.3)-1: (0.053660088309730486, 0.6552)
(4, 1, 0.3)-2: (0.05376739590713781, 0.5856)
(4, 1, 0.3)-3: (0.04675278749019467, 0.5912)
(4, 1, 0.3)-4: (0.05355347031886858, 0.5856)
(4, 1, 0.4)-0: (0.05276504796203069, 0.6248)
(4, 1, 0.4)-1: (0.04654569041940541, 0.62)
(4, 1, 0.4)-2: (0.04743501773155477, 0.5968)
(4, 1, 0.4)-3: (0.046681830373472996, 0.6072)
(4, 1, 0.4)-4: (0.05157647551461357, 0.604)
(4, 1, 0.5)-0: (0.06312182635698704, 0.6384)
(4, 1, 0.5)-1: (0.04950752827736862, 0.6024)
(4, 1, 0.5)-2: (0.04494644870465633, 0.6176)
(4, 1, 0.5)-3: (0.04883748113048136, 0.6336)
(4, 1, 0.5)-4: (0.047078093423727256, 0.5632)
(4, 2, 0.1)-0: (0.08323048853366118, 0.6592)
(4, 2, 0.1)-1: (0.18015572423072118, 0.8392)
(4, 2, 0.1)-2: (0.10017298076656561, 0.6744)
(4, 2, 0.1)-3: (0.1862021445438108, 0.8392)
(4, 2, 0.1)-4: (0.18004079517842267, 0.8392)
(4, 2, 0.2)-0: (0.05970643325241263, 0.5552)
(4, 2, 0.2)-1: (0.051715304522353074, 0.5672)
(4, 2, 0.2)-2: (0.05340634160627484, 0.5576)
(4, 2, 0.2)-3: (0.05787237374431331, 0.492)
(4, 2, 0.2)-4: (0.056003971290198094, 0.5712)
(4, 2, 0.3)-0: (0.048394327207174535, 0.6296)
(4, 2, 0.3)-1: (0.048084800469224864, 0.5568)
(4, 2, 0.3)-2: (0.04980090927553781, 0.5688)
(4, 2, 0.3)-3: (0.04895822908882243, 0.5504)
(4, 2, 0.3)-4: (0.05106136711581659, 0.5872)
(4, 2, 0.4)-0: (0.05001312657989837, 0.5992)
(4, 2, 0.4)-1: (0.05725509856977066, 0.6488)
(4, 2, 0.4)-2: (0.047302639846054935, 0.5968)
(4, 2, 0.4)-3: (0.05115920528819358, 0.6712)
(4, 2, 0.4)-4: (0.0475733712357475, 0.6056)
(4, 2, 0.5)-0: (0.045584159207728424, 0.62)
(4, 2, 0.5)-1: (0.04718204022844286, 0.6464)
(4, 2, 0.5)-2: (0.05002995741883321, 0.6344)
(4, 2, 0.5)-3: (0.04942037597227302, 0.6024)
(4, 2, 0.5)-4: (0.04996855111800098, 0.6312)
(4, 3, 0.1)-0: (0.18087255490428283, 0.8392)
(4, 3, 0.1)-1: (0.20972489357193763, 0.8392)
(4, 3, 0.1)-2: (0.2607019794680378, 0.0096)
(4, 3, 0.1)-3: (0.4790579471328553, 0.0096)
(4, 3, 0.1)-4: (0.18012270647131687, 0.8392)
(4, 3, 0.2)-0: (0.09375577758824885, 0.8392)
(4, 3, 0.2)-1: (0.2627257640867131, 0.1512)
(4, 3, 0.2)-2: (0.09554026919956897, 0.8392)
(4, 3, 0.2)-3: (0.18544021530022978, 0.8392)
(4, 3, 0.2)-4: (0.2731212946039353, 0.1512)
(4, 3, 0.3)-0: (0.052165125314282614, 0.4392)
(4, 3, 0.3)-1: (0.18003462809159174, 0.8392)
(4, 3, 0.3)-2: (0.226399692840761, 0.8392)
(4, 3, 0.3)-3: (0.18133164983695216, 0.8392)
(4, 3, 0.3)-4: (0.23939130776375822, 0.8392)
(4, 3, 0.4)-0: (0.18003352986512444, 0.8392)
(4, 3, 0.4)-1: (0.18887214015112255, 0.8392)
(4, 3, 0.4)-2: (0.18099618784774346, 0.8392)
(4, 3, 0.4)-3: (0.073544905780848, 0.7384)
(4, 3, 0.4)-4: (0.18004793646648415, 0.8392)
(4, 3, 0.5)-0: (0.07043179074929734, 0.6376)
(4, 3, 0.5)-1: (0.1800639249393857, 0.8392)
(4, 3, 0.5)-2: (0.05709325053275979, 0.5888)
(4, 3, 0.5)-3: (0.18012618257986174, 0.8392)
(4, 3, 0.5)-4: (0.059062115615674225, 0.7256)
(5, 1, 0.1)-0: (0.07821226005047542, 0.744)
(5, 1, 0.1)-1: (0.1672493598125062, 0.8392)
(5, 1, 0.1)-2: (0.07302072182080073, 0.6872)
(5, 1, 0.1)-3: (0.18009362687174166, 0.8392)
(5, 1, 0.1)-4: (0.18010131071937063, 0.8392)
(5, 1, 0.2)-0: (0.0548271514358182, 0.5144)
(5, 1, 0.2)-1: (0.0514812207739139, 0.5944)
(5, 1, 0.2)-2: (0.05545127619428969, 0.4928)
(5, 1, 0.2)-3: (0.05279511655840827, 0.5984)
(5, 1, 0.2)-4: (0.05409229332167898, 0.5872)
(5, 1, 0.3)-0: (0.047609754479492485, 0.5944)
(5, 1, 0.3)-1: (0.05501181024647265, 0.6056)
(5, 1, 0.3)-2: (0.05110253215798877, 0.5504)
(5, 1, 0.3)-3: (0.18011044721663902, 0.8392)
(5, 1, 0.3)-4: (0.04634701124654371, 0.5944)
(5, 1, 0.4)-0: (0.05090204222586242, 0.6312)
(5, 1, 0.4)-1: (0.04607498005813792, 0.6088)
(5, 1, 0.4)-2: (0.048219169112223986, 0.608)
(5, 1, 0.4)-3: (0.0465062999401361, 0.6168)
(5, 1, 0.4)-4: (0.045730317419151234, 0.5864)
(5, 1, 0.5)-0: (0.046117174986700316, 0.6376)
(5, 1, 0.5)-1: (0.04808334487663507, 0.6368)
(5, 1, 0.5)-2: (0.049910221377415784, 0.676)
(5, 1, 0.5)-3: (0.04706115995803918, 0.6432)
(5, 1, 0.5)-4: (0.05057417971349331, 0.6136)
(5, 2, 0.1)-0: (0.05768314549652302, 0.4696)
(5, 2, 0.1)-1: (0.18006099219063684, 0.8392)
(5, 2, 0.1)-2: (0.18082256662866208, 0.8392)
(5, 2, 0.1)-3: (0.18003223939323396, 0.8392)
(5, 2, 0.1)-4: (0.07670828799392626, 0.6528)
(5, 2, 0.2)-0: (0.05142157443272939, 0.5568)
(5, 2, 0.2)-1: (0.05502098775610232, 0.6)
(5, 2, 0.2)-2: (0.18003545539824828, 0.8392)
(5, 2, 0.2)-3: (0.0589186051465177, 0.5416)
(5, 2, 0.2)-4: (0.18004933107251347, 0.8392)
(5, 2, 0.3)-0: (0.1800604078934867, 0.8392)
(5, 2, 0.3)-1: (0.05418400593781802, 0.4976)
(5, 2, 0.3)-2: (0.052858114694169185, 0.5936)
(5, 2, 0.3)-3: (0.04700073977054302, 0.6024)
(5, 2, 0.3)-4: (0.04803900750132905, 0.5856)
(5, 2, 0.4)-0: (0.054272634813580155, 0.5632)
(5, 2, 0.4)-1: (0.05332663579847435, 0.6288)
(5, 2, 0.4)-2: (0.0460787586436365, 0.5872)
(5, 2, 0.4)-3: (0.047718424851516256, 0.5968)
(5, 2, 0.4)-4: (0.18005686248603742, 0.8392)
(5, 2, 0.5)-0: (0.04438495182837272, 0.6024)
(5, 2, 0.5)-1: (0.04459926418542195, 0.6264)
(5, 2, 0.5)-2: (0.04790490895822041, 0.6584)
(5, 2, 0.5)-3: (0.051714890967225105, 0.6504)
(5, 2, 0.5)-4: (0.04747001199893056, 0.5416)
(5, 3, 0.1)-0: (0.1801120618308727, 0.8392)
(5, 3, 0.1)-1: (0.18032268553666275, 0.8392)
(5, 3, 0.1)-2: (0.2785343831443919, 0.1512)
(5, 3, 0.1)-3: (0.2649504339664844, 0.0096)
(5, 3, 0.1)-4: (0.34426605044085107, 0.0096)
(5, 3, 0.2)-0: (0.21373825801692256, 0.8392)
(5, 3, 0.2)-1: (0.1869136924684744, 0.8392)
(5, 3, 0.2)-2: (0.07150293864602966, 0.6192)
(5, 3, 0.2)-3: (0.18109014471660795, 0.8392)
(5, 3, 0.2)-4: (0.18012232256852348, 0.8392)
(5, 3, 0.3)-0: (0.1800501904600858, 0.8392)
(5, 3, 0.3)-1: (0.180038222639602, 0.8392)
(5, 3, 0.3)-2: (0.056298797605929256, 0.4888)
(5, 3, 0.3)-3: (0.0489423584095255, 0.6)
(5, 3, 0.3)-4: (0.0871331539022, 0.6072)
(5, 3, 0.4)-0: (0.05348036350843273, 0.5616)
(5, 3, 0.4)-1: (0.18024470380202104, 0.8392)
(5, 3, 0.4)-2: (0.048110506836189997, 0.5912)
(5, 3, 0.4)-3: (0.18004732124852094, 0.8392)
(5, 3, 0.4)-4: (0.05295187365765758, 0.5592)
(5, 3, 0.5)-0: (0.08069050465456454, 0.6912)
(5, 3, 0.5)-1: (0.04946751415408383, 0.5784)
(5, 3, 0.5)-2: (0.18025390336847133, 0.8392)
(5, 3, 0.5)-3: (0.19337544114084707, 0.8392)
(5, 3, 0.5)-4: (0.05214389204264544, 0.5568)
