(3, 1, 0.1)-0: (0.05415177569037046, 0.5832)
(3, 1, 0.1)-1: (0.053566178492842786, 0.6016)
(3, 1, 0.1)-2: (0.052570492043969214, 0.6024)
(3, 1, 0.1)-3: (0.05725641536270051, 0.5696)
(3, 1, 0.1)-4: (0.06134023504850197, 0.5944)
(3, 1, 0.2)-0: (0.05342755599548714, 0.5976)
(3, 1, 0.2)-1: (0.051116594776884135, 0.5464)
(3, 1, 0.2)-2: (0.052678542377336796, 0.584)
(3, 1, 0.2)-3: (0.05132530452127851, 0.5768)
(3, 1, 0.2)-4: (0.05080393976161224, 0.5928)
(3, 1, 0.3)-0: (0.05265311684633581, 0.6344)
(3, 1, 0.3)-1: (0.05050297711129849, 0.6136)
(3, 1, 0.3)-2: (0.048836452212912766, 0.6064)
(3, 1, 0.3)-3: (0.05218499296928003, 0.6128)
(3, 1, 0.3)-4: (0.050978680602585126, 0.5872)
(3, 1, 0.4)-0: (0.05122492333956953, 0.5944)
(3, 1, 0.4)-1: (0.048510197058575184, 0.6488)
(3, 1, 0.4)-2: (0.05472682571735328, 0.6448)
(3, 1, 0.4)-3: (0.0530780908231323, 0.6512)
(3, 1, 0.4)-4: (0.05091499712757194, 0.6272)
(3, 1, 0.5)-0: (0.055081251340411766, 0.6376)
(3, 1, 0.5)-1: (0.048556931511259574, 0.6312)
(3, 1, 0.5)-2: (0.054962866157689645, 0.6384)
(3, 1, 0.5)-3: (0.052283663354082986, 0.6424)
(3, 1, 0.5)-4: (0.05149005697014313, 0.6696)
(3, 2, 0.1)-0: (0.18006506187716453, 0.8392)
(3, 2, 0.1)-1: (0.0701021422966407, 0.548)
(3, 2, 0.1)-2: (0.18779211188013442, 0.8392)
(3, 2, 0.1)-3: (0.06148726283028758, 0.5144)
(3, 2, 0.1)-4: (0.07109351208061739, 0.5072)
(3, 2, 0.2)-0: (0.06790243102749013, 0.6488)
(3, 2, 0.2)-1: (0.05648044164306976, 0.5168)
(3, 2, 0.2)-2: (0.05196932532810796, 0.6144)
(3, 2, 0.2)-3: (0.05207667707026307, 0.5672)
(3, 2, 0.2)-4: (0.05763467262146325, 0.5808)
(3, 2, 0.3)-0: (0.05238934811461335, 0.6008)
(3, 2, 0.3)-1: (0.05163205031023408, 0.5912)
(3, 2, 0.3)-2: (0.05179178716590134, 0.5744)
(3, 2, 0.3)-3: (0.051113216819668704, 0.5704)
(3, 2, 0.3)-4: (0.04869714444905406, 0.5992)
(3, 2, 0.4)-0: (0.045635347491675936, 0.644)
(3, 2, 0.4)-1: (0.04564427501631364, 0.6152)
(3, 2, 0.4)-2: (0.04789343450078121, 0.5832)
(3, 2, 0.4)-3: (0.05006720690222517, 0.6008)
(3, 2, 0.4)-4: (0.04861944123963876, 0.6296)
(3, 2, 0.5)-0: (0.04699310216624955, 0.6184)
(3, 2, 0.5)-1: (0.05487762926759282, 0.6504)
(3, 2, 0.5)-2: (0.05007597695320652, 0.64)
(3, 2, 0.5)-3: (0.057354959745412146, 0.6344)
(3, 2, 0.5)-4: (0.047514883702884016, 0.6456)
(3, 3, 0.1)-0: (0.505988669535189, 0.0096)
(3, 3, 0.1)-1: (0.18005197938281664, 0.8392)
(3, 3, 0.1)-2: (0.1800470165663237, 0.8392)
(3, 3, 0.1)-3: (0.18003289414027296, 0.8392)
(3, 3, 0.1)-4: (0.45747798566270303, 0.0096)
(3, 3, 0.2)-0: (0.180443159927887, 0.8392)
(3, 3, 0.2)-1: (0.2257330696475779, 0.8392)
(3, 3, 0.2)-2: (0.08304265257342824, 0.7312)
(3, 3, 0.2)-3: (0.08408169975933187, 0.8392)
(3, 3, 0.2)-4: (0.08630300430079532, 0.8392)
(3, 3, 0.3)-0: (0.1800730398550534, 0.8392)
(3, 3, 0.3)-1: (0.0975149517059332, 0.8392)
(3, 3, 0.3)-2: (0.2028176584143347, 0.8392)
(3, 3, 0.3)-3: (0.058347714248616935, 0.5232)
(3, 3, 0.3)-4: (0.18003724174007898, 0.8392)
(3, 3, 0.4)-0: (0.18005169172538377, 0.8392)
(3, 3, 0.4)-1: (0.18005367847669432, 0.8392)
(3, 3, 0.4)-2: (0.18064681050983858, 0.8392)
(3, 3, 0.4)-3: (0.06660400141091549, 0.7464)
(3, 3, 0.4)-4: (0.05444901190002166, 0.6864)
(3, 3, 0.5)-0: (0.09340060342415041, 0.5952)
(3, 3, 0.5)-1: (0.056230336311833516, 0.652)
(3, 3, 0.5)-2: (0.05671247282005877, 0.6392)
(3, 3, 0.5)-3: (0.18003734630051552, 0.8392)
(3, 3, 0.5)-4: (0.05778899724960689, 0.5888)
(4, 1, 0.1)-0: (0.18005892593724837, 0.8392)
(4, 1, 0.1)-1: (0.18007028567264838, 0.8392)
(4, 1, 0.1)-2: (0.07611633692793861, 0.7088)
(4, 1, 0.1)-3: (0.06876505504951066, 0.5272)
(4, 1, 0.1)-4: (0.052439080206830864, 0.5864)
(4, 1, 0.2)-0: (0.05274839913399277, 0.588)
(4, 1, 0.2)-1: (0.05266039354642973, 0.58)
(4, 1, 0.2)-2: (0.05309345442330701, 0.6088)
(4, 1, 0.2)-3: (0.05090553772713455, 0.5744)
(4, 1, 0.2)-4: (0.05472008667784742, 0.5656)
(4, 1, 0.3)-0: (0.06033368496768139, 0.6192)
(4, 1, 0.3)-1: (0.05563392031601578, 0.62)
(4, 1, 0.3)-2: (0.04984704450779485, 0.5904)
(4, 1, 0.3)-3: (0.050265431747881006, 0.62)
(4, 1, 0.3)-4: (0.05000093050957018, 0.612)
(4, 1, 0.4)-0: (0.04679061476571579, 0.6016)
(4, 1, 0.4)-1: (0.0497600885267125, 0.5704)
(4, 1, 0.4)-2: (0.04880807532045552, 0.6056)
(4, 1, 0.4)-3: (0.05024949737013097, 0.6128)
(4, 1, 0.4)-4: (0.05066386998266315, 0.5672)
(4, 1, 0.5)-0: (0.04547684983147441, 0.612)
(4, 1, 0.5)-1: (0.04749701378476881, 0.6)
(4, 1, 0.5)-2: (0.04837434548266986, 0.6424)
(4, 1, 0.5)-3: (0.04949301731464072, 0.6176)
(4, 1, 0.5)-4: (0.049874656807376204, 0.5784)
(4, 2, 0.1)-0: (0.10135737873774889, 0.8392)
(4, 2, 0.1)-1: (0.08538957398652285, 0.708)
(4, 2, 0.1)-2: (0.18006632515864393, 0.8392)
(4, 2, 0.1)-3: (0.18126768320718256, 0.8392)
(4, 2, 0.1)-4: (0.07077518930315962, 0.5512)
(4, 2, 0.2)-0: (0.05682005076106375, 0.6128)
(4, 2, 0.2)-1: (0.060521807031761285, 0.5344)
(4, 2, 0.2)-2: (0.18005082910147777, 0.8392)
(4, 2, 0.2)-3: (0.056921002332753275, 0.5864)
(4, 2, 0.2)-4: (0.05857827405419341, 0.6096)
(4, 2, 0.3)-0: (0.04803094976028229, 0.576)
(4, 2, 0.3)-1: (0.180049540843506, 0.8392)
(4, 2, 0.3)-2: (0.05383476562404925, 0.6544)
(4, 2, 0.3)-3: (0.05555856834887056, 0.5632)
(4, 2, 0.3)-4: (0.05144193546682286, 0.5616)
(4, 2, 0.4)-0: (0.048145844005163495, 0.6016)
(4, 2, 0.4)-1: (0.04787151557006955, 0.5792)
(4, 2, 0.4)-2: (0.049085805142660775, 0.576)
(4, 2, 0.4)-3: (0.05278696328696299, 0.6184)
(4, 2, 0.4)-4: (0.048622684572602284, 0.636)
(4, 2, 0.5)-0: (0.050300551768552165, 0.6432)
(4, 2, 0.5)-1: (0.048230230060153687, 0.6408)
(4, 2, 0.5)-2: (0.05353174552264335, 0.684)
(4, 2, 0.5)-3: (0.04899778726993386, 0.612)
(4, 2, 0.5)-4: (0.049330383954849316, 0.6392)
(4, 3, 0.1)-0: (0.369735316567036, 0.0096)
(4, 3, 0.1)-1: (0.18163122135195597, 0.8392)
(4, 3, 0.1)-2: (0.18003237924177293, 0.8392)
(4, 3, 0.1)-3: (0.4647053056129519, 0.0096)
(4, 3, 0.1)-4: (0.18288443003278423, 0.8392)
(4, 3, 0.2)-0: (0.18379131135207247, 0.8392)
(4, 3, 0.2)-1: (0.1814435295068132, 0.8392)
(4, 3, 0.2)-2: (0.18014561328815373, 0.8392)
(4, 3, 0.2)-3: (0.18115480917050153, 0.8392)
(4, 3, 0.2)-4: (0.20157386769155966, 0.8392)
(4, 3, 0.3)-0: (0.06279184220037125, 0.4912)
(4, 3, 0.3)-1: (0.1830674953937155, 0.8392)
(4, 3, 0.3)-2: (0.1800648364656434, 0.8392)
(4, 3, 0.3)-3: (0.1856327627694623, 0.8392)
(4, 3, 0.3)-4: (0.20488729166302747, 0.8392)
(4, 3, 0.4)-0: (0.18006655444501668, 0.8392)
(4, 3, 0.4)-1: (0.04925911124598332, 0.5656)
(4, 3, 0.4)-2: (0.05995422594855983, 0.5592)
(4, 3, 0.4)-3: (0.18039375140196712, 0.8392)
(4, 3, 0.4)-4: (0.1803674730826881, 0.8392)
(4, 3, 0.5)-0: (0.0556219523160128, 0.572)
(4, 3, 0.5)-1: (0.18005436544872105, 0.8392)
(4, 3, 0.5)-2: (0.18441212793563241, 0.8392)
(4, 3, 0.5)-3: (0.1800324828505897, 0.8392)
(4, 3, 0.5)-4: (0.11300145191340559, 0.676)
(5, 1, 0.1)-0: (0.08877622057584424, 0.8392)
(5, 1, 0.1)-1: (0.18004049265289032, 0.8392)
(5, 1, 0.1)-2: (0.18019172453079027, 0.8392)
(5, 1, 0.1)-3: (0.07335815459490636, 0.4064)
(5, 1, 0.1)-4: (0.11196742079894374, 0.8392)
(5, 1, 0.2)-0: (0.05046355000725398, 0.5656)
(5, 1, 0.2)-1: (0.05090167872694559, 0.5752)
(5, 1, 0.2)-2: (0.05197853357901915, 0.4912)
(5, 1, 0.2)-3: (0.18004544882583629, 0.8392)
(5, 1, 0.2)-4: (0.053334078334931596, 0.5616)
(5, 1, 0.3)-0: (0.05322303659804528, 0.5816)
(5, 1, 0.3)-1: (0.048081608197464605, 0.5864)
(5, 1, 0.3)-2: (0.05118910913045354, 0.6088)
(5, 1, 0.3)-3: (0.05232839849801368, 0.5944)
(5, 1, 0.3)-4: (0.047094453307752304, 0.5576)
(5, 1, 0.4)-0: (0.046392480550719206, 0.5888)
(5, 1, 0.4)-1: (0.04967194115917388, 0.5952)
(5, 1, 0.4)-2: (0.048131914671054196, 0.5832)
(5, 1, 0.4)-3: (0.05142449239839055, 0.5552)
(5, 1, 0.4)-4: (0.04564467186634699, 0.6272)
(5, 1, 0.5)-0: (0.04840541992342976, 0.6408)
(5, 1, 0.5)-1: (0.05053167941417346, 0.6448)
(5, 1, 0.5)-2: (0.059589246835828315, 0.668)
(5, 1, 0.5)-3: (0.045923860839314955, 0.5944)
(5, 1, 0.5)-4: (0.04741615888057234, 0.6528)
(5, 2, 0.1)-0: (0.18031371187315492, 0.8392)
(5, 2, 0.1)-1: (0.0891639529167236, 0.8392)
(5, 2, 0.1)-2: (0.18008239304857326, 0.8392)
(5, 2, 0.1)-3: (0.06622917424918058, 0.484)
(5, 2, 0.1)-4: (0.18005229210539656, 0.8392)
(5, 2, 0.2)-0: (0.057262377760084686, 0.4816)
(5, 2, 0.2)-1: (0.056570999366932564, 0.556)
(5, 2, 0.2)-2: (0.057371752034356335, 0.516)
(5, 2, 0.2)-3: (0.061761335867373875, 0.5512)
(5, 2, 0.2)-4: (0.05913240924460683, 0.4888)
(5, 2, 0.3)-0: (0.053176004221571156, 0.552)
(5, 2, 0.3)-1: (0.052567557894230364, 0.5464)
(5, 2, 0.3)-2: (0.18004997565770348, 0.8392)
(5, 2, 0.3)-3: (0.04686606828395138, 0.5792)
(5, 2, 0.3)-4: (0.053670893628196464, 0.604)
(5, 2, 0.4)-0: (0.05108449386312535, 0.624)
(5, 2, 0.4)-1: (0.0490507080026972, 0.6208)
(5, 2, 0.4)-2: (0.052539614279880416, 0.5584)
(5, 2, 0.4)-3: (0.049288442788047594, 0.6152)
(5, 2, 0.4)-4: (0.04549701148060698, 0.5712)
(5, 2, 0.5)-0: (0.049510658248597746, 0.6368)
(5, 2, 0.5)-1: (0.05255025658644812, 0.6352)
(5, 2, 0.5)-2: (0.048609282862976375, 0.6584)
(5, 2, 0.5)-3: (0.04495557394716229, 0.5984)
(5, 2, 0.5)-4: (0.044969309061219924, 0.6304)
(5, 3, 0.1)-0: (0.10856498475831508, 0.8392)
(5, 3, 0.1)-1: (0.19350636264664925, 0.8392)
(5, 3, 0.1)-2: (0.22214877044948447, 0.8392)
(5, 3, 0.1)-3: (0.18086413534702583, 0.8392)
(5, 3, 0.1)-4: (0.18186170293949458, 0.8392)
(5, 3, 0.2)-0: (0.2033598375065983, 0.8392)
(5, 3, 0.2)-1: (0.12464607460247071, 0.8392)
(5, 3, 0.2)-2: (0.19808007203102687, 0.8392)
(5, 3, 0.2)-3: (0.1806829760893, 0.8392)
(5, 3, 0.2)-4: (0.0727829573820517, 0.488)
(5, 3, 0.3)-0: (0.1804601718744526, 0.8392)
(5, 3, 0.3)-1: (0.1800464696995658, 0.8392)
(5, 3, 0.3)-2: (0.18003226158326838, 0.8392)
(5, 3, 0.3)-3: (0.18200049972685411, 0.8392)
(5, 3, 0.3)-4: (0.07035188037973332, 0.6392)
(5, 3, 0.4)-0: (0.18003397545000713, 0.8392)
(5, 3, 0.4)-1: (0.052926218700246656, 0.6552)
(5, 3, 0.4)-2: (0.18008547734085104, 0.8392)
(5, 3, 0.4)-3: (0.18061778272758092, 0.8392)
(5, 3, 0.4)-4: (0.18017067012458338, 0.8392)
(5, 3, 0.5)-0: (0.18010302614577534, 0.8392)
(5, 3, 0.5)-1: (0.047742258560932754, 0.5808)
(5, 3, 0.5)-2: (0.1800836766189481, 0.8392)
(5, 3, 0.5)-3: (0.05364113786085933, 0.5432)
(5, 3, 0.5)-4: (0.18005309662903118, 0.8392)
