(3, 1, 0.1)-0: (0.055848141990314085, 0.5896)
(3, 1, 0.1)-1: (0.059895078539399696, 0.576)
(3, 1, 0.1)-2: (0.060909862083017755, 0.596)
(3, 1, 0.1)-3: (0.18006279068559392, 0.8392)
(3, 1, 0.1)-4: (0.060925775482506, 0.5)
(3, 1, 0.2)-0: (0.05231799498715571, 0.596)
(3, 1, 0.2)-1: (0.053759681597443286, 0.5784)
(3, 1, 0.2)-2: (0.04887742571857571, 0.5728)
(3, 1, 0.2)-3: (0.05668677205571109, 0.6304)
(3, 1, 0.2)-4: (0.055464206588659956, 0.608)
(3, 1, 0.3)-0: (0.05381247748051887, 0.5848)
(3, 1, 0.3)-1: (0.05039823952038144, 0.6208)
(3, 1, 0.3)-2: (0.05148280036808642, 0.62)
(3, 1, 0.3)-3: (0.05064155459450316, 0.62)
(3, 1, 0.3)-4: (0.0521636069594203, 0.668)
(3, 1, 0.4)-0: (0.05030613891823653, 0.6224)
(3, 1, 0.4)-1: (0.05044794450327223, 0.6096)
(3, 1, 0.4)-2: (0.0584727195268438, 0.6184)
(3, 1, 0.4)-3: (0.05794367634361983, 0.6288)
(3, 1, 0.4)-4: (0.04989961613841247, 0.608)
(3, 1, 0.5)-0: (0.05296031427739706, 0.6712)
(3, 1, 0.5)-1: (0.05035613744312838, 0.6056)
(3, 1, 0.5)-2: (0.050774159567573814, 0.6488)
(3, 1, 0.5)-3: (0.05566140832563363, 0.6512)
(3, 1, 0.5)-4: (0.0551921982792104, 0.656)
(3, 2, 0.1)-0: (0.18580398578240495, 0.8392)
(3, 2, 0.1)-1: (0.06155122056058108, 0.5064)
(3, 2, 0.1)-2: (0.18009914267079372, 0.8392)
(3, 2, 0.1)-3: (0.06199180109206317, 0.4504)
(3, 2, 0.1)-4: (0.14452513437133424, 0.8392)
(3, 2, 0.2)-0: (0.06000029963584293, 0.5336)
(3, 2, 0.2)-1: (0.05488105933259312, 0.572)
(3, 2, 0.2)-2: (0.18005183748056122, 0.8392)
(3, 2, 0.2)-3: (0.05159059074462487, 0.5744)
(3, 2, 0.2)-4: (0.050126282424415636, 0.6216)
(3, 2, 0.3)-0: (0.04971101404751172, 0.584)
(3, 2, 0.3)-1: (0.04946786321522243, 0.5744)
(3, 2, 0.3)-2: (0.05332106459917785, 0.5688)
(3, 2, 0.3)-3: (0.04988250836620474, 0.5608)
(3, 2, 0.3)-4: (0.18007063269308268, 0.8392)
(3, 2, 0.4)-0: (0.04755962422953686, 0.5848)
(3, 2, 0.4)-1: (0.04946878073141985, 0.6184)
(3, 2, 0.4)-2: (0.04954366991864886, 0.5976)
(3, 2, 0.4)-3: (0.050197147535657766, 0.6056)
(3, 2, 0.4)-4: (0.05054823791233587, 0.6368)
(3, 2, 0.5)-0: (0.04858445918662058, 0.6456)
(3, 2, 0.5)-1: (0.05857033100442586, 0.636)
(3, 2, 0.5)-2: (0.051573936168877586, 0.6256)
(3, 2, 0.5)-3: (0.05464275202189942, 0.648)
(3, 2, 0.5)-4: (0.050191698448896344, 0.66)
(3, 3, 0.1)-0: (0.33528252143785875, 0.1512)
(3, 3, 0.1)-1: (0.18006737690277877, 0.8392)
(3, 3, 0.1)-2: (0.19159616233503, 0.8392)
(3, 3, 0.1)-3: (0.13465856834526566, 0.7232)
(3, 3, 0.1)-4: (0.2730658219983867, 0.0096)
(3, 3, 0.2)-0: (0.25227836640860607, 0.1512)
(3, 3, 0.2)-1: (0.1800399599730504, 0.8392)
(3, 3, 0.2)-2: (0.11700660608993899, 0.8392)
(3, 3, 0.2)-3: (0.10269659599007776, 0.6656)
(3, 3, 0.2)-4: (0.15309727074831944, 0.8392)
(3, 3, 0.3)-0: (0.05215065523477765, 0.5184)
(3, 3, 0.3)-1: (0.05007081222836377, 0.5664)
(3, 3, 0.3)-2: (0.10491445221809528, 0.8392)
(3, 3, 0.3)-3: (0.18006567842001128, 0.8392)
(3, 3, 0.3)-4: (0.18058154760416784, 0.8392)
(3, 3, 0.4)-0: (0.08755687162140263, 0.8392)
(3, 3, 0.4)-1: (0.18013485291386888, 0.8392)
(3, 3, 0.4)-2: (0.05297009279417528, 0.6136)
(3, 3, 0.4)-3: (0.18008183591526916, 0.8392)
(3, 3, 0.4)-4: (0.04936506997843076, 0.5968)
(3, 3, 0.5)-0: (0.057169649309291505, 0.6096)
(3, 3, 0.5)-1: (0.05409649558862437, 0.6864)
(3, 3, 0.5)-2: (0.048151236373258605, 0.6056)
(3, 3, 0.5)-3: (0.05225399591564898, 0.6368)
(3, 3, 0.5)-4: (0.1800467167329796, 0.8392)
(4, 1, 0.1)-0: (0.06343568089121178, 0.5576)
(4, 1, 0.1)-1: (0.06918275397890372, 0.4768)
(4, 1, 0.1)-2: (0.05457717936787922, 0.564)
(4, 1, 0.1)-3: (0.060462586611887595, 0.5232)
(4, 1, 0.1)-4: (0.05717220437782073, 0.5672)
(4, 1, 0.2)-0: (0.05315421280917427, 0.5824)
(4, 1, 0.2)-1: (0.05855819158937628, 0.588)
(4, 1, 0.2)-2: (0.05094072316296832, 0.5696)
(4, 1, 0.2)-3: (0.05375887847995479, 0.584)
(4, 1, 0.2)-4: (0.055804412975839206, 0.5336)
(4, 1, 0.3)-0: (0.05156459987390848, 0.648)
(4, 1, 0.3)-1: (0.052603597571656016, 0.596)
(4, 1, 0.3)-2: (0.04655128749571273, 0.5416)
(4, 1, 0.3)-3: (0.05009185725810786, 0.5896)
(4, 1, 0.3)-4: (0.053408972861933794, 0.58)
(4, 1, 0.4)-0: (0.05192591144288709, 0.6232)
(4, 1, 0.4)-1: (0.04831656882328794, 0.6152)
(4, 1, 0.4)-2: (0.05179072575942199, 0.5904)
(4, 1, 0.4)-3: (0.05165875931869904, 0.6104)
(4, 1, 0.4)-4: (0.05306230337721654, 0.6832)
(4, 1, 0.5)-0: (0.05089865028734097, 0.6592)
(4, 1, 0.5)-1: (0.05078105163754259, 0.6776)
(4, 1, 0.5)-2: (0.05342968660685791, 0.6264)
(4, 1, 0.5)-3: (0.04752566816666898, 0.6112)
(4, 1, 0.5)-4: (0.04777212356049088, 0.6344)
(4, 2, 0.1)-0: (0.11142811670670952, 0.8392)
(4, 2, 0.1)-1: (0.18011916166804748, 0.8392)
(4, 2, 0.1)-2: (0.08806589629552346, 0.6712)
(4, 2, 0.1)-3: (0.18007102523894727, 0.8392)
(4, 2, 0.1)-4: (0.18014603250818262, 0.8392)
(4, 2, 0.2)-0: (0.06885617605203741, 0.492)
(4, 2, 0.2)-1: (0.049823945878642945, 0.5472)
(4, 2, 0.2)-2: (0.06147293703768494, 0.5616)
(4, 2, 0.2)-3: (0.05180719933477051, 0.5256)
(4, 2, 0.2)-4: (0.055373011499997085, 0.5752)
(4, 2, 0.3)-0: (0.04930325260400374, 0.6344)
(4, 2, 0.3)-1: (0.05278310021149078, 0.6256)
(4, 2, 0.3)-2: (0.05098190776916266, 0.544)
(4, 2, 0.3)-3: (0.04952992168014069, 0.5272)
(4, 2, 0.3)-4: (0.052636571551287044, 0.5392)
(4, 2, 0.4)-0: (0.04904515133746286, 0.6616)
(4, 2, 0.4)-1: (0.049338616338717806, 0.5952)
(4, 2, 0.4)-2: (0.0469441309085227, 0.6088)
(4, 2, 0.4)-3: (0.04779240357223041, 0.6232)
(4, 2, 0.4)-4: (0.04782397288571194, 0.5968)
(4, 2, 0.5)-0: (0.06477023382498046, 0.6528)
(4, 2, 0.5)-1: (0.0448801636023127, 0.5808)
(4, 2, 0.5)-2: (0.049406689072294924, 0.6888)
(4, 2, 0.5)-3: (0.04708535130030387, 0.6088)
(4, 2, 0.5)-4: (0.047499789436932324, 0.6168)
(4, 3, 0.1)-0: (0.2926211053278958, 0.0096)
(4, 3, 0.1)-1: (0.5870222861901097, 0.1512)
(4, 3, 0.1)-2: (0.18586309575962942, 0.8392)
(4, 3, 0.1)-3: (0.18764261686750086, 0.8392)
(4, 3, 0.1)-4: (0.20307425898394404, 0.8392)
(4, 3, 0.2)-0: (0.059865914840580084, 0.74)
(4, 3, 0.2)-1: (0.18007227625034383, 0.8392)
(4, 3, 0.2)-2: (0.18027016196829507, 0.8392)
(4, 3, 0.2)-3: (0.2028677058995542, 0.8392)
(4, 3, 0.2)-4: (0.10372170921402567, 0.8392)
(4, 3, 0.3)-0: (0.1539003370177466, 0.8392)
(4, 3, 0.3)-1: (0.18005764511227657, 0.8392)
(4, 3, 0.3)-2: (0.18005189921347334, 0.8392)
(4, 3, 0.3)-3: (0.05826270996040013, 0.5208)
(4, 3, 0.3)-4: (0.056962659047187614, 0.5952)
(4, 3, 0.4)-0: (0.053390213023384606, 0.4648)
(4, 3, 0.4)-1: (0.06691923095026307, 0.5384)
(4, 3, 0.4)-2: (0.1801554947771774, 0.8392)
(4, 3, 0.4)-3: (0.18005476088231495, 0.8392)
(4, 3, 0.4)-4: (0.18003610020356525, 0.8392)
(4, 3, 0.5)-0: (0.05683895930041106, 0.5952)
(4, 3, 0.5)-1: (0.05794232004514062, 0.552)
(4, 3, 0.5)-2: (0.058869916119162334, 0.6048)
(4, 3, 0.5)-3: (0.04799475072011134, 0.6136)
(4, 3, 0.5)-4: (0.04796369189549888, 0.5816)
(5, 1, 0.1)-0: (0.07354669207908186, 0.52)
(5, 1, 0.1)-1: (0.11233186848317517, 0.8392)
(5, 1, 0.1)-2: (0.07252199117144595, 0.468)
(5, 1, 0.1)-3: (0.1801108127911913, 0.8392)
(5, 1, 0.1)-4: (0.1823730803793605, 0.8392)
(5, 1, 0.2)-0: (0.0539774518072333, 0.576)
(5, 1, 0.2)-1: (0.05358531706612721, 0.5744)
(5, 1, 0.2)-2: (0.05241445741295177, 0.5728)
(5, 1, 0.2)-3: (0.053722121590410746, 0.5072)
(5, 1, 0.2)-4: (0.05401408221962108, 0.5928)
(5, 1, 0.3)-0: (0.05490821103241659, 0.576)
(5, 1, 0.3)-1: (0.051298975070216225, 0.5568)
(5, 1, 0.3)-2: (0.050101646184821345, 0.568)
(5, 1, 0.3)-3: (0.050711990135947786, 0.6072)
(5, 1, 0.3)-4: (0.047383450028115025, 0.6144)
(5, 1, 0.4)-0: (0.04502959275992219, 0.636)
(5, 1, 0.4)-1: (0.048354015330663816, 0.636)
(5, 1, 0.4)-2: (0.04628011059633677, 0.6096)
(5, 1, 0.4)-3: (0.047151198146810264, 0.5624)
(5, 1, 0.4)-4: (0.049761471355575765, 0.6424)
(5, 1, 0.5)-0: (0.04635553474298107, 0.6152)
(5, 1, 0.5)-1: (0.0481391157859978, 0.6048)
(5, 1, 0.5)-2: (0.04670439281142934, 0.6096)
(5, 1, 0.5)-3: (0.04846608662593141, 0.6312)
(5, 1, 0.5)-4: (0.054183215876967554, 0.664)
(5, 2, 0.1)-0: (0.18004787429528746, 0.8392)
(5, 2, 0.1)-1: (0.08982331190127237, 0.6776)
(5, 2, 0.1)-2: (0.09598888202596875, 0.8392)
(5, 2, 0.1)-3: (0.18018937478311417, 0.8392)
(5, 2, 0.1)-4: (0.1989181146997777, 0.8392)
(5, 2, 0.2)-0: (0.06943019551703551, 0.7224)
(5, 2, 0.2)-1: (0.048723835755829774, 0.5576)
(5, 2, 0.2)-2: (0.04935692119266671, 0.5368)
(5, 2, 0.2)-3: (0.05290983820093214, 0.4888)
(5, 2, 0.2)-4: (0.04917139516725023, 0.5728)
(5, 2, 0.3)-0: (0.054628916312767554, 0.6032)
(5, 2, 0.3)-1: (0.04981752554492233, 0.5296)
(5, 2, 0.3)-2: (0.052368309971999386, 0.6144)
(5, 2, 0.3)-3: (0.05382369777879005, 0.5448)
(5, 2, 0.3)-4: (0.05115613277092959, 0.6176)
(5, 2, 0.4)-0: (0.04641471444660916, 0.5752)
(5, 2, 0.4)-1: (0.04978940482598755, 0.6384)
(5, 2, 0.4)-2: (0.18005338719205188, 0.8392)
(5, 2, 0.4)-3: (0.050664764547568936, 0.6072)
(5, 2, 0.4)-4: (0.04718881963158311, 0.6264)
(5, 2, 0.5)-0: (0.0450608586799239, 0.6408)
(5, 2, 0.5)-1: (0.051085588871495294, 0.648)
(5, 2, 0.5)-2: (0.04655582610183942, 0.5976)
(5, 2, 0.5)-3: (0.05989334493869502, 0.7016)
(5, 2, 0.5)-4: (0.04945860630775144, 0.6432)
(5, 3, 0.1)-0: (0.20858106560434495, 0.8392)
(5, 3, 0.1)-1: (0.18185258315038733, 0.8392)
(5, 3, 0.1)-2: (0.19762140302567208, 0.8392)
(5, 3, 0.1)-3: (0.18102154617486257, 0.8392)
(5, 3, 0.1)-4: (0.18024001702707146, 0.8392)
(5, 3, 0.2)-0: (0.1876674037989923, 0.8392)
(5, 3, 0.2)-1: (0.11468849302520193, 0.8392)
(5, 3, 0.2)-2: (0.1976744872061691, 0.8392)
(5, 3, 0.2)-3: (0.2735421164818195, 0.0096)
(5, 3, 0.2)-4: (0.12399162974159918, 0.8392)
(5, 3, 0.3)-0: (0.13251772403648487, 0.8392)
(5, 3, 0.3)-1: (0.057421923659352045, 0.5696)
(5, 3, 0.3)-2: (0.06025527998002742, 0.4696)
(5, 3, 0.3)-3: (0.24695672851166342, 0.1512)
(5, 3, 0.3)-4: (0.2510105457227898, 0.1512)
(5, 3, 0.4)-0: (0.0722862241954316, 0.6176)
(5, 3, 0.4)-1: (0.08647652652272873, 0.6688)
(5, 3, 0.4)-2: (0.1804306954501863, 0.8392)
(5, 3, 0.4)-3: (0.05380844894072342, 0.7432)
(5, 3, 0.4)-4: (0.18006027957526585, 0.8392)
(5, 3, 0.5)-0: (0.18004015587015954, 0.8392)
(5, 3, 0.5)-1: (0.18030251623440413, 0.8392)
(5, 3, 0.5)-2: (0.18123420792212627, 0.8392)
(5, 3, 0.5)-3: (0.061987263127842515, 0.652)
(5, 3, 0.5)-4: (0.18005769884282233, 0.8392)
